-0.812703
0.059582
0.870616
0.839669
-0.007319
-0.849428
-0.867277
-0.045714
0.817583
0.889107
0.097591
-0.791259
-0.912092
-0.149982
0.755047
0.928272
0.201089
-0.723587
-0.946891
-0.252453
0.683909
0.957421
0.302404
-0.648468
-0.970904
-0.352484
0.605322
0.975270
0.400766
-0.565643
-0.983616
-0.448277
0.519544
0.982204
0.493991
-0.476527
-0.985157
-0.539063
0.427732
0.978351
0.581695
-0.381761
-0.976040
-0.623941
0.331168
0.963327
0.662721
-0.283014
-0.955494
-0.701244
0.231137
0.937003
0.736428
-0.181057
-0.924163
-0.771355
0.128281
0.900407
0.801146
-0.076789
-0.882301
-0.831965
0.023756
0.853923
0.857133
0.028507
-0.830424
-0.883714
-0.081026
0.797166
0.903617
0.132647
-0.768787
-0.925061
-0.185166
0.731805
0.939186
0.236017
-0.698932
-0.956393
-0.286995
0.657841
0.964740
0.336561
-0.621245
-0.976297
-0.385485
0.576944
0.978993
0.433125
-0.536238
-0.985542
-0.479738
0.488726
0.982332
0.524552
-0.444682
-0.983616
-0.568725
0.395758
0.974756
0.609816
-0.348632
-0.970390
-0.650907
0.297910
0.955494
0.688788
-0.248729
-0.945992
-0.726284
0.196595
0.925703
0.759799
-0.145616
-0.911065
-0.793313
0.092968
0.885511
0.821820
-0.041348
-0.865865
-0.850969
-0.011814
0.835303
0.874211
0.063819
-0.810905
-0.898994
-0.116596
0.776363
0.916586
0.168088
-0.746316
-0.937132
-0.219837
0.707921
0.949202
0.270430
-0.673636
-0.964612
-0.320638
0.631132
0.971160
0.369562
-0.592995
-0.980791
-0.418229
0.547923
0.981562
0.464714
-0.505933
-0.985928
-0.510556
0.457908
0.980791
0.554472
-0.412836
-0.980149
-0.597232
0.362757
0.969234
0.637553
-0.315117
-0.963327
-0.677360
0.263625
0.946634
0.713700
-0.214187
-0.935334
-0.750168
0.161411
0.913119
0.781885
-0.110175
-0.896683
-0.813730
0.057271
0.869589
0.840311
-0.005393
-0.848273
-0.868176
-0.047511
0.816427
0.889620
0.099389
-0.790103
-0.913119
-0.152165
0.754148
0.928914
0.203144
-0.722688
-0.947405
-0.254507
0.682496
0.957806
0.304330
-0.647055
-0.971289
-0.354153
0.603396
0.976040
0.402435
-0.564103
-0.984130
-0.449947
0.517618
0.982717
0.495660
-0.474730
-0.985542
-0.540604
0.426062
0.977966
0.583492
-0.380220
-0.975783
-0.625354
0.329627
0.962685
0.664262
-0.280960
-0.955238
-0.702785
0.228954
0.936875
0.737712
-0.179131
-0.923392
-0.772511
0.126355
0.899636
0.802430
-0.074349
-0.881274
-0.833377
0.021573
0.852895
0.858417
0.030305
-0.829525
-0.884484
-0.082952
0.796010
0.904388
0.134830
-0.767760
-0.925832
-0.186836
0.730136
0.939957
0.238199
-0.697777
-0.956650
-0.288664
0.656557
0.965125
0.338359
-0.619447
-0.976810
-0.387154
0.575146
0.979122
0.434923
-0.534697
-0.985671
-0.481664
0.487314
0.982075
0.526479
-0.443398
-0.983103
-0.570266
0.393575
0.974114
0.611614
-0.346705
-0.969748
-0.652705
0.295470
0.954981
0.689687
-0.246546
-0.945479
-0.727696
0.194540
0.925447
0.760569
-0.143947
-0.910038
-0.794212
0.090529
0.884613
0.822591
-0.039293
-0.864581
-0.851868
-0.013997
0.834276
0.875367
0.066002
-0.809493
-0.900022
-0.118393
0.774437
0.917742
0.170142
-0.744903
-0.937646
-0.221891
0.705995
0.949973
0.272100
-0.671710
-0.964868
-0.322436
0.629591
0.971032
0.371488
-0.591325
-0.981048
-0.420027
0.546125
0.981305
0.466511
-0.504264
-0.985928
-0.512354
0.455853
0.980920
0.555756
-0.410910
-0.979892
-0.599158
0.361087
0.968849
0.639350
-0.313319
-0.962814
-0.679157
0.261570
0.945992
0.715497
-0.212004
-0.934821
-0.751324
0.159484
0.912606
0.782784
-0.108378
-0.896169
-0.814758
0.055216
0.869075
0.841595
-0.003595
-0.847245
-0.868947
-0.049694
0.815528
0.890648
0.101315
-0.788819
-0.913505
-0.153834
0.752608
0.929684
0.205198
-0.720890
-0.948047
-0.256305
0.680698
0.958448
0.306385
-0.645257
-0.971546
-0.356079
0.602369
0.975912
0.404104
-0.562690
-0.983873
-0.451744
0.515949
0.982332
0.497715
-0.473060
-0.985542
-0.542401
0.424008
0.978223
0.585033
-0.378423
-0.975655
-0.627152
0.327958
0.962300
0.665546
-0.279162
-0.954596
-0.704454
0.227670
0.935976
0.738868
-0.177077
-0.922879
-0.773410
0.124300
0.898737
0.803715
-0.072680
-0.880375
-0.834661
0.019903
0.851868
0.859187
0.031974
-0.828241
-0.885255
-0.085135
0.794854
0.904773
0.137013
-0.766733
-0.926474
-0.188890
0.729109
0.940214
0