0.000001
0.000008
0.000007
0.000004
0.000007
0.000010
0.000008
0.000003
0.000002
0.000007
0.000002
0.000003
0.000000
0.000001
0.000000
0.000002
0.000001
0.000000
0.000001
0.000001
0.000001
0.000000
0.000006
0.000004
0.000001
0.000004
0.000000
0.000002
0.000000
0.000003
0.000000
0.000005
0.000001
0.000004
0.000001
0.000000
0.000005
0.000002
0.000001
0.000001
0.000004
0.000002
0.000003
0.000001
0.000001
0.000001
0.000008
0.000000
0.000001
0.000005
0.000000
0.000009
0.000001
0.000001
0.000002
0.000002
0.000001
0.000003
0.000007
0.000000
0.000001
0.000006
0.000000
0.000005
0.000004
0.000001
0.000005
0.000002
0.000013
0.000000
0.000006
0.000002
0.000003
0.000004
0.000005
0.000001
0.000004
0.000004
0.000007
0.000001
0.000008
0.000003
0.000006
0.000003
0.000010
0.000003
0.000006
0.000004
0.000004
0.000003
0.000008
0.000005
0.000008
0.000001
0.000007
0.000004
0.000008
0.000009
0.000002
0.000013
0.000006
0.000006
0.000009
0.000006
0.000008
0.000010
0.000005
0.000015
0.000006
0.000014
0.000007
0.000011
0.000010
0.000006
0.000011
0.000009
0.000006
0.000016
0.000011
0.000009
0.000010
0.000014
0.000018
0.000004
0.000016
0.000014
0.000003
0.000029
0.000013
0.000012
0.000012
0.000014
0.000021
0.000007
0.000022
0.000018
0.000011
0.000020
0.000016
0.000025
0.000013
0.000019
0.000021
0.000017
0.000026
0.000023
0.000022
0.000022
0.000028
0.000013
0.000024
0.000027
0.000034
0.000017
0.000026
0.000039
0.000009
0.000056
0.000023
0.000029
0.000039
0.000031
0.000040
0.000026
0.000042
0.000029
0.000045
0.000042
0.000040
0.000032
0.000050
0.000039
0.000050
0.000039
0.000053
0.000043
0.000056
0.000063
0.000046
0.000064
0.000085
0.000025
0.000065
0.000285
0.001550
0.000614
0.000075
0.000026
0.000143
0.000066
0.000075
0.000119
0.000078
0.000097
0.000096
0.000108
0.000100
0.000130
0.000119
0.000120
0.000108
0.000164
0.000135
0.000128
0.000175
0.000139
0.000200
0.000188
0.000164
0.000207
0.000201
0.000222
0.000259
0.000233
0.000297
0.000205
0.000331
0.000280
0.000367
0.000332
0.000400
0.000401
0.000442
0.000449
0.000490
0.000578
0.000548
0.000631
0.000731
0.000781
0.000725
0.001003
0.000911
0.001283
0.001151
0.001363
0.001679
0.001858
0.002001
0.002371
0.002975
0.003111
0.004249
0.004668
0.005845
0.007231
0.008992
0.010173
0.009419
0.000214
0.833043
125.634073
211.742068
9.299073
0.006449
0.007472
0.011494
0.009790
0.008016
0.006971
0.005246
0.004625
0.003789
0.003254
0.002890
0.002447
0.002073
0.001954
0.001728
0.001476
0.001314
0.001235
0.001131
0.001076
0.000854
0.000969
0.000697
0.000813
0.000676
0.000607
0.000641
0.000602
0.000500
0.000488
0.000487
0.000451
0.000428
0.000373
0.000412
0.000339
0.000342
0.000360
0.000267
0.000335
0.000249
0.000306
0.000255
0.000240
0.000296
0.000173
0.000258
0.000194
0.000217
0.000201
0.000194
0.000179
0.000207
0.000173
0.000141
0.000180
0.000153
0.000148
0.000169
0.000126
0.000153
0.000133
0.000131
0.000123
0.000153
0.000080
0.000132
0.000133
0.000109
0.000099
0.000124
0.000091
0.000102
0.000115
0.000090
0.000092
0.000110
0.000094
0.000074
0.000087
0.000088
0.000086
0.000079
0.000075
0.000071
0.000089
0.000076
0.000067
0.000067
0.000076
0.000079
0.000061
0.000067
0.000069
0.000073
0.000049
0.000085
0.000051
0.000063
0.000063
0.000062
0.000060
0.000061
0.000050
0.000047
0.000058
0.000055
0.000052
0.000070
0.000048
0.000071
0.000005
0.000162
0.000178
0.000659
0.000792
0.000007
0.000048
0.000088
0.000043
0.000057
0.000047
0.000039
0.000024
0.000051
0.000030
0.000044
0.000036
0.000061
0.000022
0.000033
0.000057
0.000016
0.000046
0.000040
0.000030
0.000034
0.000034
0.000036
0.000037
0.000031
0.000029
0.000038
0.000027
0.000034
0.000029
0.000033
0.000034
0.000029
0.000019
0.000044
0.000027
0.000031
0.000026
0.000024
0.000033
0.000030
0.000025
0.000029
0.000025
0.000024
0.000028
0.000028
0.000021
0.000032
0.000020
0.000030
0.000020
0.000027
0.000029
0.000017
0.000030
0.000020
0.000023
0.000029
0.000016
0.000020
0.000034
0.000017
0.000028
0.000015
0.000024
0.000023
0.000023
0.000020
0.000020
0.000021
0.000023
0.000027
0.000013
0.000026
0.000013
0.000025
0.000022
0.000012
0.000027
0.000029
0.000007
0.000029
0.000044
0.000007
0.000014
0.000040
0.000013
0.000013
0.000024
0.000020
0.000019
0.000015
0.000014
0.000027
0.000021
0.000012
0.000020
0.000015
0.000022
0.000016
0.000012
0.000021
0.000020
0.000015
0.000015
0.000018
0.000013
0.000019
0.000017
0.000013
0.000026
0.000008
0.000021
0.000015
0.000011
0.000021
0.000013
0.000012
0.000018
0.000014
0.000019
0.000019
0.000008
0.000024
0.000014
0.000017
0.000020
0.000015
0.000024
0.000014
0.000015
0.001952
0.041880
0.022653
0.000141
0.000016
0.000007
0.000021
0.000016
0.000009
0.000016
0.000011
0.000018
0.000008
0.000017
0.000006
0.000032
0.000024
0.000026
0.000006
0.000010
0.000002
0.000016
0.000011
0.000016
0.000010
0.000007
0.000011
0.000012
0.000013
0.000009
0.000015
0.000008
0.000008
0.000025
0.000004
0.000010
0.000006
0.000009
0.000015
0.000010
0.000016
0.000007
0.000011
0.000009
0.000005
0.000012
0.000023
0.000090
0.000021
0.000001
0.000360
0.000220
0.000157
0.000028
0.000034
0.000026
0.000009
0.000010
0.000014
0.000014
0.000009
0.000014
0.000004
0.000010
0.000006
0.000023
0.000008
0.000004
0.000024
0.000002
0.000014
0.000006
0.000010
0.000008
0.000008
0.000012
0.000005
0.000014
0.000007
0.000009
0.000010
0.000008
0.000008
0.000008
0.000010
0.000008
0.000008
0.000008
0.000010
0.000009
0.000008
0.000009
0.000006
0.000008
0.000010
0.000005
0.000012
0.000008
0.000006
0.000013
0.000006
0.000008
0.000010
0.000007
0.000010
0.000006
0.000008
0.000006
0.000008
0.000010
0.000004
0.000012
0.000005
0.000008
0.000007
0.000013
0.000004
0.000010
0.000006
0.000007
0.000006
0.000011
0.000005
0.000009
0.000005
0.000007
0.000009
0.000006
0.000005
0.000010
0.000010
0.000004
0.000006
0.000008
0.000006
0.000009
0.000007
0.000007
0.000005
0.000011
0.000004
0.000007
0.000008
0.000005
0.000008
0.000007
0.000004
0.000009
0.000008
0.000007
0.000006
0.000010
0.000003
0.000009
0.000007
0.000006
0.000006
0.000009
0.000005
0.000005
0.000010
0.000005
0.000006
0.000008
0.000005
0.000006
0.000009
0.000006
0.000004
0.000012
0.000005
0.000005
0.000006
0.000008
0.000006
0.000005
0.000008
0.000006
0.000005
0.000007
0.000007
0.000005
0.000006
0.000006
0.000006
0.000006
0.000005
0.000011
0.000006
0.000005
0.000006
0.000006
0.000010
0.000003
0.000008
0.000007
0.000006
0.000005
0.000012
0.000007
0.000005
0.000012
0.000004
0.000007
0.000006
0.000007
0.000006
0.000006
0.000007
0.000008
0.000007
0.000006
0.000006
0.000007
0.000005
0.000010
0.000011
0.000001
0.000017
0.000006
0.000008
0.000007
0.000004
0.000012
0.000003
0.000010
0.000008
0.000009
0.000015
0.000004
0.000006
0.000031
0.000053
0.000012
0.000016
0.000166
0.000038
0.000029
0.000019
0.000046
0.000012
0.000017
0.000008
0.000013
0.000019
0.000010
0.000028
0.000022
0.000026
0.000015
0.000019
0.000076
5.504427
27.574204
4.557790
0.000121
0.000003
0.000001
0.000005
0.000005
0.000002
0.000001
0.000004
0.000002
0.000001
0.000001
0.000002
0.000002
0.000000
0.000000
0.000020
0.000002
0.000002
0.000000
0.000005
0.000000
0.000004
0.000002
0.000000
0.000004
0.000001
0.000001
0.000005
0.000000
0.000004
0.000004
0.000001
0.000002
0.000002
0.000003
0.000003
0.000003
0.000000
0.000005
0.000003
0.000002
0.000005
0.000003
0.000001
0.000002
0.000002
0.000002
0.000003
0.000002
0.000002
0.000003
0.000002
0.000003
0.000002
0.000003
0.000002
0.000002
0.000005
0.000001
0.000003
0.000003
0.000002
0.000002
0.000004
0.000002
0.000004
0.000002
0.000005
0.000002
0.000002
0.000003
0.000002
0.000005
0.000003
0.000001
0.000004
0.000001
0.000004
0.000002
0.000003
0.000002
0.000003
0.000002
0.000004
0.000001
0.000003
0.000002
0.000003
0.000002
0.000005
0.000001
0.000004
0.000001
0.000005
0.000003
0.000001
0.000005
0.000002
0.000002
0.000002
0.000004
0.000003
0.000001
0.000005
0.000002
0.000004
0.000002
0.000002
0.000003
0.000003
0.000002
0.000002
0.000004
0.000004
0.000001
0.000004
0.000001
0.000003
0.000002
0.000004
0.000004
0.000001
0.000003
0.000003
0.000004
0.000001
0.000003
0.000004
0.000001
0.000003
0.000002
0.000003
0.000003
0.000002
0.000002
0.000003
0.000005
0.000002
0.000001
0.000005
0.000002
0.000002
0.000005
0.000006
0.000001
0.000002
0.000007
0.000000
0.000007
0.000000
0.000003
0.000005
0.000001
0.000003
0.000004
0.000001
0.000003
0.000002
0.000008
0.000010
0.000022
0.000015
0.000006
0.000029
0.000023
0.000070
0.000000
0.000016
0.000013
0.000008
0.000003
0.000004
0.000003
0.000001
0.000003
0.000002
0.000003
0.000002
0.000005
0.000001
0.000004
0.000003
0.000002
0.000004
0.000001
0.000003
0.000002
0.000002
0.000002
0.000003
0.000004
0.000001
0.000003
0.000003
0.000003
0.000001
0.000003
0.000002
0.000003
0.000003
0.000001
0.000004
0.000001
0.000003
0.000002
0.000002
0.000002
0.000002
0.000003
0.000002
0.000002
0.000003
0.000003
0.000001
0.000004
0.000002
0.000001
0.000005
0.000001
0.000002
0.000002
0.000002
0.000002
0.000001
0.000003
0.000002
0.000001
0.000002
0.000004
0.000000
0.000003
0.000001
0.000003
0.000001
0.000001
0.000002
0.000001
0.000002
0.000001
0.000004
0.000001
0.000001
0.000001
0.000002
0.000001
0.000002
0.000002
0.000002
0.000229
0.023701
0.037626
0.001375
0.000001
0.000006
0.000007
0.000007
0.000006
0.000007
0.000007
0.000004
0.000003
0.000006
0.000004
0.000005
0.000006
0.000004
0.000005
0.000004
0.000001
0.000008
0.000002
0.000003
0.000004
0.000002
0.000006
0.000002
0.000005
0.000002
0.000004
0.000004
0.000004
0.000003
0.000002
0.000005
0.000002
0.000003
0.000002
0.000003
0.000005
0.000002
0.000003
0.000002
0.000004
0.000003
0.000003
0.000003
0.000003
0.000002
0.000003
0.000002
0.000004
0.000003
0.000003
0.000001
0.000003
0.000007
0.000001
0.000004
0.000002
0.000003
0.000001
0.000005
0.000003
0.000001
0.000004
0.000003
0.000003
0.000002
0.000006
0.000003
0.000001
0.000005
0.000004
0.000001
0.000005
0.000002
0.000001
0.000003
0.000007
0.000002
0.000002
0.000008
0.000001
0.000003
0.000004
0.000001
0.000004
0.000001
0.000005
0.000001
0.000002
0.000012
0.000002
0.000000
0.000029
0.000028
0.000004
0.000002
0.000035
0.000031
0.000012
0.000004
0.000032
0.000003
0.000007
0.000002
0.000006
0.000005
0.000002
0.000011
0.000002
0.000002
0.000005
0.000004
0.000002
0.000003
0.000009
0.000003
0.000007
0.000001
0.000003
0.000003
0.000004
0.000002
0.000004
0.000003
0.000002
0.000006
0.000002
0.000004
0.000003
0.000004
0.000001
0.000006
0.000003
0.000002
0.000003
0.000005
0.000002
0.000004
0.000005
0.000003
0.000002
0.000004
0.000003
0.000003
0.000003
0.000005
0.000002
0.000004
0.000004
0.000003
0.000004
0.000003
0.000003
0.000004
0.000002
0.000004
0.000004
0.000003
0.000005
0.000003
0.000002
0.000005
0.000004
0.000004
0.000003
0.000004
0.000005
0.000004
0.000003
0.000005
0.000004
0.000004
0.000004
0.000005
0.000003
0.000006
0.000003
0.000005
0.000005
0.000006
0.000003
0.000004
0.000006
0.000006
0.000003
0.000008
0.000006
0.000005
0.000005
0.000008
0.000005
0.000006
0.000005
0.000008
0.000006
0.000006
0.000007
0.000009
0.000005
0.000009
0.000006
0.000009
0.000007
0.000008
0.000010
0.000006
0.000013
0.000007
0.000012
0.000010
0.000006
0.000015
0.000009
0.000013
0.000014
0.000011
0.000015
0.000016
0.000015
0.000015
0.000014
0.000020
0.000021
0.000022
0.000016
0.000024
0.000028
0.000022
0.000033
0.000032
0.000030
0.000040
0.000042
0.000042
0.000066
0.000052
0.000060
0.000083
0.000086
0.000102
0.000119
0.000162
0.000164
0.000237
0.000251
0.000301
0.000169
0.000242
0.401928
7.212622
3.613411
0.015703
0.000012
0.000252
0.000261
0.000246
0.000192
0.000138
0.000112
0.000135
0.000073
0.000068
0.000080
0.000046
0.000058
0.000041
0.000037
0.000032
0.000028
0.000028
0.000023
0.000026
0.000030
0.000016
0.000014
0.000021
0.000051
0.000000
0.000032
0.000011
0.000013
0.000081
0.000001
0.000005
0.000056
0.000008
0.000010
0.000004
0.000006
0.000004
0.000018
0.000008
0.000010
0.000001
0.000009
0.000004
0.000009
0.000005
0.000002
0.000008
0.000004
0.000009
0.000004
0.000002
0.000004
0.000007
0.000004
0.000003
0.000003
0.000009
0.000002
0.000004
0.000002
0.000004
0.000003
0.000004
0.000003
0.000003
0.000005
0.000002
0.000006
0.000001
0.000004
0.000003
0.000002
0.000003
0.000002
0.000004
0.000003
0.000001
0.000002
0.000003
0.000002
0.000002
0.000003
0.000002
0.000002
0.000004
0.000001
0.000003
0.000002
0.000003
0.000001
0.000001
0.000003
0.000001
0.000002
0.000002
0.000002
0.000003
0.000001
0.000002
0.000002
0.000002
0.000003
0.000002
0.000001
0.000003
0.000001
0.000002
0.000001
0.000003
0.000003
0.000001
0.000002
0.000002
0.000002
0.000001
0.000004
0.000000
0.000004
0.000000
0.000002
0.000003
0.000002
0.000001
0.000003
0.000000
0.000002
0.000002
0.000002
0.000002
0.000001
0.000001
0.000001
0.000001
0.000002
0.000002
0.000000
0.000004
0.000001
0.000002
0.000001
0.000001
0.000001
0.000001
0.000001
0.000001
0.000002
0.000001
0.000002
0.000002
0.000001
0.000001
0.000002
0.000000
0.000003
0.000001
0.000001
0.000002
0.000001
0.000001
0.000002
0.000000
0.000003
0.000001
0.000000
0.000002
0.000001
0.000001
0.000002
0.000001
0.000001
0.000001
0.000000
0.000003
0.000001
0.000004
0.000000
0.000001
0.000001
0.000001
0.000002
0.000001
0.000001
0.000002
0.000001
0.000002
0.000001
0.000001
0.000002
0.000000
0.000002
0.000001
0.000007
0.000001
0.000000
0.000005
0.000001
0.000003
0.000001
0.000001
0.000002
0.000001
0.000001
0.000001
0.000002
0.000004
0.000003
0.000001
0.000009
0.000009
0.000005
0.000003
0.000008
0.000008
0.000010
0.000002
0.000018
0.000004
0.000006
0.000002
0.000004
0.000002
0.000004
0.000003
0.000000
0.000006
0.000001
0.000004
0.000001
0.000004
0.000001
0.000004
0.000001
0.000000
0.000004
0.000000
0.000002
0.000001
0.000001
0.000001
0.000000
0.000005
0.000000
0.000005
0.000001
0.000001
0.000002
0.000002
0.007142
0.032176
0.004902
0.000002
0.000001
0.000002
0.000001
0.000001
0.000001
0.000002
0.000002
0.000000
0.000001
0.000001
0.000001
0.000000
0.000003
0.000001
0.000001
0.000001
0.000001
0.000002
0.000001
0.000001
0.000000
0.000002
0.000002
0.000000
0.000003
0.000001
0.000001
0.000001
0.000002
0.000001
0.000000
0.000002
0.000000
0.000003
0.000000
0.000001
0.000001
0.000001
0.000001
0.000002
0.000001
0.000001
0.000002
0.000001
0.000001
0.000003
0.000000
0.000002
0.000000
0.000002
0.000000
0.000002
0.000001
0.000000
0.000003
0.000000
0.000001
0.000003
0.000001
0.000001
0.000000
0.000001
0.000002
0.000001
0.000001
0.000002
0.000001
0.000001
0.000003
0.000000
0.000002
0.000001
0.000001
0.000002
0.000001
0.000002
0.000001
0.000001
0.000001
0.000001
0.000002
0.000002
0.000001
0.000002
0.000000
0.000002
0.000002
0.000002
0.000001
0.000001
0.000002
0.000000
0.000005
0.000000
0.000003
0.000001
0.000002
0.000000
0.000003
0.000001
0.000000
0.000003
0.000001
0.000001
0.000002
0.000001
0.000003
0.000000
0.000002
0.000002
0.000000
0.000002
0.000004
0.000000
0.000001
0.000004
0.000001
0.000004
0.000001
0.000002
0.000000
0.000004
0.000002
0.000001
0.000002
0.000003
0.000001
0.000002
0.000005
0.000001
0.000003
0.000001
0.000001
0.000003
0.000003
0.000002
0.000001
0.000000
0.000009
0.000001
0.000004
0.000003
0.000004
0.000010
0.000002
0.000011
0.000005
0.000003
0.000007
0.000021
0.000002
0.000002
0.000001
0.000004
0.000009
0.000001
0.000008
0.000000
0.000003
0.000003
0.000004
0.000000
0.000004
0.000002
0.000001
0.000007
0.000000
0.000003
0.000002
0.000005
0.000000
0.000004
0.000004
0.000001
0.000005
0.000001
0.000003
0.000003
0.000003
0.000002
0.000003
0.000003
0.000003
0.000003
0.000001
0.000004
0.000004
0.000004
0.000003
0.000004
0.000003
0.000003
0.000007
0.000002
0.000003
0.000004
0.000005
0.000003
0.000004
0.000006
0.000003
0.000006
0.000001
0.000009
0.000005
0.000006
0.000003
0.000007
0.000007
0.000004
0.000006
0.000007
0.000008
0.000010
0.000005
0.000008
0.000007
0.000010
0.000009
0.000008
0.000010
0.000013
0.000010
0.000013
0.000015
0.000013
0.000018
0.000017
0.000017
0.000020
0.000022
0.000024
0.000030
0.000024
0.000038
0.000037
0.000047
0.000050
0.000062
0.000069
0.000089
0.000090
0.000136
0.000157
0.000174
0.000153
0.000003
0.018723
1.938478
2.758882
0.094645
0.000070
0.000128
0.000159
0.000150
0.000127
0.000095
0.000078
0.000073
0.000051
0.000049
0.000044
0.000033
0.000029
0.000027
0.000018
0.000036
0.000014
0.000019
0.000017
0.000014
0.000014
0.000010
0.000011
0.000011
0.000008
0.000013
0.000005
0.000011
0.000006
0.000008
0.000005
0.000004
0.000015
0.000023
0.000003
0.000005
0.000005
0.000005
0.000002
0.000007
0.000002
0.000006
0.000001
0.000005
0.000002
0.000005
0.000001
0.000006
0.000003
0.000004
0.000001
0.000004
0.000006
0.000000
0.000005
0.000002
0.000005
0.000000
0.000008
0.000001
0.000001
0.000006
0.000000
0.000003
0.000001
0.000001
0.000010
0.000007
0.000015
0.000002
0.000000
0.000005
0.000005
0.000006
0.000001
0.000010
0.000004
0.000008
0.000003
0.000000
0.000007
0.000011
0.000012
0.000007
0.000000
0.000002
0.000001
0.000010
0.000000
0.000003
0.000002
0.000003
0.000002
0.000005
0.000000
0.000002
0.000003
0.000001
0.000002
0.000001
0.000002
0.000001
0.000001
0.000001
0.000002
0.000001
0.000002
0.000001
0.000002
0.000000
0.000002
0.000001
0.000001
0.000001
0.000001
0.000001
0.000001
0.000002
0.000000
0.000002
0.000001
0.000001
0.000002
0.000002
0.000002
0.000001
0.000000
0.000001
0.000001
0.000001
0.000001
0.000001
0.000001
0.000001
0.000000
0.000002
0.000001
0.000001
0.000000
0.000001
0.000000
0.000001
0.000001
0.000001
0.000001
0.000001
0.000001
0.000001
0.000003
0.000002
0.000001
0.000001
0.000000
0.000001
0.000001
0.000000
0.000001
0.000000
0.000003
0.000000
0.000001
0.000000
0.000002
0.000001
0.000001
0.000001
0.000001
0.000001
0.000000
0.000001
0.000001
0.000000
0.000000
0.000002
0.000000
0.000002
0.000000
0.000001
0.000004
0.000000
0.000003
0.000001
0.000001
0.000000
0.000001
0.000001
0.000001
0.000001
0.000001
0.000001
0.000001
0.000003
0.000001
0.000001
0.000001
0.000001
0.000000
0.000000
0.000002
0.000000
0.000001
0.000001
0.000001
0.000001
0.000000
0.000002
0.000003
0.000002
0.000002
0.000001
0.000002
0.000001
0.000001
0.000001
0.000001
0.000001
0.000000
0.000002
0.000000
0.000001
0.000001
0.000001
0.000000
0.000002
0.000001
0.000001
0.000001
0.000002
0.000000
0.000002
0.000002
0.000001
0.000003
0.000000
0.000005
0.000001
0.000002
0.000004
0.000005
0.000000
0.000001
0.000006
0.000001
0.000006
0.000003
0.000000
0.000013
0.000005
0.001678
0.028441
0.012913
0.000076
0.000001
0.000004
0.000001
0.000006
0.000007
0.000002
0.000003
0.000005
0.000009
0.000006
0.000002
0.000002
0.000007
0.000001
0.000015
0.000016
0.000001
0.000001
0.000006
0.000003
0.000007
0.000001
0.000010
0.000006
0.000001
0.000000
0.000001
0.000001
0.000002
0.000004
0.000000
0.000005
0.000001
0.000001
0.000000
0.000001
0.000000
0.000000
0.000000
0.000001
0.000002
0.000002
0.000000
0.000001
0.000000
0.000001
0.000001
0.000001
0.000000
0.000000
0.000002
0.000000
0.000002
0.000000
0.000001
0.000001
0.000001
0.000000
0.000001
0.000000
0.000001
0.000001
0.000000
0.000000
0.000001
0.000000
0.000000
0.000000
0.000000
0.000000
0.000000
0.000002
0.000000
0.000000
0.000000
0.000000
0.000001
0.000001
0.000000
0.000000
0.000000
0.000001
0.000001
0.000001
0.000002
0.000001
0.000001
0.000001
0.000000
0.000001
0.000000
0.000001
0.000000
0.000000
0.000001
0.000000
0.000002
0.000000
0.000000
0.000000
0.000001
0.000000
0.000000
0.000002
0.000000
0.000000
0.000000
0.000001
0.000001
0.000000
0.000000
0.000001
0.000000
0.000000
0.000001
0.000001
0.000000
0.000000
0.000000
0.000000
0.000000
0.000001
0.000001
0.000001
0.000000
0.000001
0.000000
0.000001
0.000000
0.000001
0.000000
0.000003
0.000000
0.000001
0.000001
0.000000
0.000001
0.000000
0.000001
0.000000
0.000000
0.000003
0.000000
0.000000
0.000002
0.000000
0.000001
0.000001
0.000001
0.000000
0.000001
0.000000
0.000000
0.000001
0.000001
0.000001
0.000000
0.000001
0.000001
0.000001
0.000000
0.000000
0.000001
0.000003
0.000001
0.000001
0.000001
0.000003
0.000000
0.000000
0.000001
0.000001
0.000001
0.000000
0.000004
0.000001
0.000002
0.000001
0.000003
0.000005
0.000000
0.000000
0.000000
0.000001
0.000003
0.000001
0.000000
0.000004
0.000004
0.000006
0.000002
0.000002
0.000002
0.000003
0.000002
0.000000
0.000003
0.000002
0.000012
0.000014
0.000002
0.000000
0.000005
0.000002
0.000003
0.000004
0.000005
0.000003
0.000002
0.000002
0.000000
0.000003
0.000001
0.000005
0.000001
0.000001
0.000003
0.000000
0.000002
0.000001
0.000003
0.000000
0.000001
0.000002
0.000002
0.000002
0.000001
0.000001
0.000001
0.000001
0.000001
0.000000
0.000001
0.000001
0.000000
0.000001
0.000002
0.000001
0.000001
0.000003
0.000001
0.000004
0.000000
0.000003
0.000003
0.000003
0.000001
0.000055
0.252583
1.055223
0.143603
0.000013
0.000001
0.000004
0.000003
0.000006
0.000001
0.000002
0.000001
0.000003
0.000002
0.000001
0.000001
0.000002
0.000001
0.000000
0.000002
0.000000
0.000001
0.000002
0.000000
0.000000
0.000000
0.000001
0.000002
0.000003
0.000002
0.000000
0.000002
0.000000
0.000000
0.000000
0.000002
0.000000
0.000001
0.000000
0.000001
0.000001
0.000001
0.000000
0.000000
0.000002
0.000000
0.000001
0.000002
0.000000
0.000001
0.000001
0.000000
0.000000
0.000000
0.000000
0.000001
0.000001
0.000000
0.000001
0.000001
0.000002
0.000000
0.000000
0.000001
0.000000
0.000001
0.000000
0.000003
0.000000
0.000000
0.000003
0.000050
0.000037
0.000001
0.000000
0.000001
0.000002
0.000000
0.000000
0.000002
0.000000
0.000001
0.000001
0.000001
0.000001
0.000000
0.000001
0.000001
0.000000
0.000000
0.000000
0.000000
0.000001
0.000001
0.000000
0.000003
0.000000
0.000000
0.000001
0.000001
0.000002
0.000001
0.000000
0.000001
0.000000
0.000002
0.000001
0.000002
0.000001
0.000000
0.000002
0.000000
0.000003
0.000000
0.000000
0.000004
0.000003
0.000003
0.000000
0.000001
0.000001
0.000001
0.000001
0.000003
0.000002
0.000001
0.000002
0.000006
0.000001
0.000005
0.000004
0.000006
0.000000
0.000002
0.000001
0.000006
0.000012
0.000002
0.000000
0.000003
0.000000
0.000006
0.000002
0.000006
0.000001
0.000002
0.000000
0.000000
0.000000
0.000003
0.000004
0.000003
0.000002
0.000002
0.000004
0.000000
0.000001
0.000001
0.000001
0.000001
0.000000
0.000003
0.000002
0.000000
0.000002
0.000000
0.000000
0.000001
0.000001
0.000000
0.000001
0.000000
0.000000
0.000000
0.000001
0.000000
0.000001
0.000002
0.000000
0.000000
0.000000
0.000000
0.000001
0.000001
0.000000
0.000001
0.000000
0.000000
0.000001
0.000000
0.000000
0.000000
0.000001
0.000001
0.000000
0.000000
0.000000
0.000000
0.000001
0.000000
0.000000
0.000000
0.000000
0.000000
0.000000
0.000000
0.000000
0.000000
0.000001
0.000000
0.000000
0.000000
0.000001
0.000001
0.000000
0.000000
0.000002
0.000000
0.000000
0.000000
0.000000
0.000000
0.000000
0.000000
0.000001
0.000000
0.000000
0.000001
0.000002
0.000000
0.000000
0.000000
0.000000
0.000000
0.000000
0.000000
0.000000
0.000000
0.000001
0.000001
0.000000
0.000000
0.000000
0.000000
0.000001
0.000000
0.000000
0.000000
0.000000
0.000002
0.000001
0.000000
0.000098
0.006581
0.008741
0.000253
0.000000
0.000004
0.000001
0.000002
0.000001
0.000001
0.000002
0.000001
0.000000
0.000002
0.000001
0.000000
0.000002
0.000002
0.000000
0.000003
0.000001
0.000001
0.000001
0.000003
0.000001
0.000000
0.000001
0.000002
0.000011
0.000000
0.000001
0.000001
0.000004
0.000001
0.000000
0.000001
0.000004
0.000000
0.000001
0.000002
0.000001
0.000001
0.000000
0.000001
0.000001
0.000004
0.000000
0.000000
0.000004
0.000001
0.000001
0.000000
0.000001
0.000004
0.000000
0.000000
0.000002
0.000001
0.000004
0.000001
0.000003
0.000002
0.000002
0.000003
0.000001
0.000004
0.000003
0.000001
0.000012
0.000003
0.000002
0.000001
0.000001
0.000000
0.000007
0.000003
0.000007
0.000000
0.000001
0.000001
0.000002
0.000001
0.000002
0.000001
0.000000
0.000001
0.000000
0.000002
0.000002
0.000005
0.000000
0.000003
0.000001
0.000000
0.000002
0.000001
0.000001
0.000003
0.000001
0.000000
0.000000
0.000002
0.000000
0.000000
0.000001
0.000001
0.000000
0.000000
0.000000
0.000001
0.000002
0.000000
0.000002
0.000000
0.000000
0.000000
0.000002
0.000000
0.000001
0.000000
0.000000
0.000000
0.000000
0.000001
0.000000
0.000001
0.000000
0.000000
0.000000
0.000000
0.000001
0.000002
0.000000
0.000000
0.000000
0.000000
0.000000
0.000001
0.000001
0.000000
0.000000
0.000000
0.000000
0.000001
0.000000
0.000001
0.000000
0.000001
0.000000
0.000000
0.000001
0.000000
0.000000
0.000000
0.000000
0.000000
0.000001
0.000001
0.000001
0.000001
0.000001
0.000001
0.000001
0.000000
0.000001
0.000001
0.000001
0.000000
0.000000
0.000000
0.000000
0.000002
0.000000
0.000001
0.000001
0.000000
0.000000
0.000001
0.000000
0.000000
0.000000
0.000001
0.000000
0.000002
0.000002
0.000003
0.000001
0.000001
0.000000
0.000000
0.000000
0.000000
0.000001
0.000001
0.000001
0.000000
0.000001
0.000002
0.000000
0.000000
0.000000
0.000001
0.000000
0.000000
0.000001
0.000000
0.000000
0.000000
0.000000
0.000000
0.000001
0.000001
0.000002
0.000001
0.000000
0.000001
0.000000
0.000001
0.000000
0.000000
0.000002
0.000002
0.000001
0.000001
0.000001
0.000000
0.000001
0.000001
0.000002
0.000003
0.000000
0.000001
0.000008
0.000001
0.000002
0.000001
0.000001
0.000006
0.000001
0.000001
0.000001
0.000004
0.000003
0.000001
0.000009
0.000002
0.000006
0.000002
0.000012
0.000011
0.000007
0.000024
0.020192
0.292580
0.124863
0.000306
0.000001
0.000017
0.000001
0.000020
0.000006
0.000022
0.000003
0.000004
0.000002
0.000013
0.000001
0.000008
0.000005
0.000000
0.000009
0.000001
0.000008
0.000003
0.000004
0.000003
0.000004
0.000005
0.000001
0.000007
0.000007
0.000001
0.000002
0.000002
0.000001
0.000000
0.000002
0.000002
0.000000
0.000001
0.000001
0.000001
0.000001
0.000002
0.000001
0.000002
0.000000
0.000001
0.000003
0.000002
0.000001
0.000002
0.000001
0.000002
0.000000
0.000005
0.000000
0.000000
0.000001
0.000001
0.000001
0.000000
0.000000
0.000002
0.000000
0.000000
0.000002
0.000001
0.000000
0.000001
0.000001
0.000000
0.000098
0.000176
0.000016
0.000001
0.000001
0.000000
0.000001
0.000000
0.000001
0.000000
0.000002
0.000001
0.000001
0.000000
0.000000
0.000001
0.000000
0.000001
0.000001
0.000001
0.000000
0.000001
0.000002
0.000001
0.000000
0.000000
0.000002
0.000002
0.000001
0.000001
0.000000
0.000001
0.000001
0.000001
0.000001
0.000001
0.000001
0.000002
0.000004
0.000001
0.000000
0.000002
0.000000
0.000001
0.000002
0.000000
0.000002
0.000000
0.000003
0.000000
0.000001
0.000001
0.000001
0.000000
0.000000
0.000003
0.000000
0.000001
0.000001
0.000001
0.000000
0.000000
0.000001
0.000000
0.000000
0.000001
0.000000
0.000001
0.000002
0.000000
0.000001
0.000000
0.000000
0.000000
0.000002
0.000000
0.000002
0.000001
0.000003
0.000001
0.000001
0.000001
0.000003
0.000000
0.000000
0.000002
0.000001
0.000002
0.000000
0.000001
0.000000
0.000002
0.000001
0.000000
0.000002
0.000002
0.000002
0.000001
0.000003
0.000002
0.000000
0.000000
0.000001
0.000000
0.000004
0.000001
0.000002
0.000002
0.000001
0.000003
0.000001
0.000000
0.000005
0.000001
0.000007
0.000003
0.000000
0.000001
0.000002
0.000002
0.000004
0.000002
0.000006
0.000003
0.000002
0.000002
0.000001
0.000001
0.000003
0.000001
0.000001
0.000001
0.000001
0.000002
0.000000
0.000004
0.000000
0.000002
0.000001
0.000000
0.000001
0.000000
0.000003
0.000002
0.000001
0.000000
0.000001
0.000000
0.000000
0.000000
0.000002
0.000000
0.000000
0.000001
0.000001
0.000000
0.000001
0.000001
0.000001
0.000000
0.000001
0.000000
0.000002
0.000000
0.000000
0.000000
0.000000
0.000001
0.000001
0.000000
0.000001
0.000001
0.000000
0.000000
0.000002
0.000000
0.000001
0.000001
0.000002
0.000001
0.000001
0.000000
0.000882
0.003142
0.000416
0.000001
0.000000
0.000001
0.000000
0.000000
0.000000
0.000000
0.000000
0.000001
0.000000
0.000000
0.000001
0.000000
0.000000
0.000001
0.000000
0.000000
0.000001
0.000000
0.000003
0.000000
0.000000
0.000002
0.000002
0.000008
0.000004
0.000000
0.000001
0.000000
0.000001
0.000000
0.000000
0.000001
0.000000
0.000000
0.000000
0.000001
0.000000
0.000003
0.000001
0.000001
0.000001
0.000001
0.000000
0.000001
0.000001
0.000002
0.000001
0.000001
0.000000
0.000000
0.000000
0.000000
0.000000
0.000000
0.000001
0.000001
0.000000
0.000001
0.000001
0.000001
0.000000
0.000001
0.000000
0.000000
0.000002
0.000000
0.000003
0.000005
0.000000
0.000000
0.000002
0.000001
0.000000
0.000001
0.000000
0.000002
0.000000
0.000003
0.000001
0.000000
0.000001
0.000001
0.000001
0.000000
0.000001
0.000001
0.000001
0.000000
0.000000
0.000001
0.000001
0.000001
0.000001
0.000001
0.000003
0.000003
0.000001
0.000001
0.000002
0.000000
0.000000
0.000001
0.000000
0.000002
0.000001
0.000000
0.000001
0.000000
0.000002
0.000002
0.000002
0.000002
0.000003
0.000002
0.000003
0.000001
0.000000
0.000001
0.000001
0.000003
0.000001
0.000007
0.000000
0.000001
0.000000
0.000002
0.000001
0.000003
0.000000
0.000000
0.000003
0.000002
0.000002
0.000001
0.000003
0.000000
0.000004
0.000000
0.000000
0.000003
0.000002
0.000002
0.000000
0.000000
0.000000
0.000000
0.000001
0.000001
0.000000
0.000000
0.000003
0.000000
0.000002
0.000000
0.000000
0.000001
0.000000
0.000002
0.000000
0.000002
0.000000
0.000002
0.000000
0.000001
0.000000
0.000002
0.000000
0.000001
0.000000
0.000000
0.000002
0.000000
0.000001
0.000001
0.000001
0.000000
0.000001
0.000001
0.000000
0.000001
0.000001
0.000000
0.000000
0.000001
0.000000
0.000001
0.000000
0.000001
0.000001
0.000000
0.000001
0.000000
0.000001
0.000000
0.000001
0.000001
0.000001
0.000000
0.000000
0.000001
0.000001
0.000001
0.000000
0.000001
0.000001
0.000001
0.000002
0.000000
0.000001
0.000002
0.000000
0.000001
0.000001
0.000001
0.000001
0.000000
0.000001
0.000001
0.000001
0.000000
0.000003
0.000000
0.000002
0.000001
0.000001
0.000001
0.000002
0.000001
0.000002
0.000001
0.000004
0.000001
0.000001
0.000002
0.000001
0.000002
0.000002
0.000004
0.000002
0.000003
0.000004
0.000006
0.000002
0.000008
0.000005
0.000005
0.000000
0.000619
0.047590
0.056830
0.001531
0.000001
0.000003
0.000001
0.000006
0.000001
0.000000
0.000004
0.000001
0.000003
0.000001
0.000006
0.000001
0.000000
0.000001
0.000001
0.000000
0.000000
0.000000
0.000000
0.000002
0.000000
0.000000
0.000001
0.000001
0.000005
0.000002
0.000003
0.000003
0.000002
0.000002
0.000000
0.000000
0.000000
0.000000
0.000000
0.000000
0.000001
0.000001
0.000000
0.000000
0.000000
0.000003
0.000001
0.000001
0.000001
0.000003
0.000003
0.000001
0.000000
0.000000
0.000002
0.000001
0.000001
0.000001
0.000004
0.000004
0.000000
0.000001
0.000000
0.000001
0.000000
0.000002
0.000000
0.000000
0.000000
0.000000
0.000130
0.000885
0.000153
0.000003
0.000001
0.000001
0.000002
0.000001
0.000001
0.000002
0.000001
0.000000
0.000001
0.000000
0.000000
0.000001
0.000001
0.000001
0.000002
0.000001
0.000000
0.000000
0.000001
0.000001
0.000000
0.000001
0.000000
0.000001
0.000000
0.000001
0.000000
0.000000
0.000000
0.000001
0.000000
0.000000
0.000000
0.000000
0.000000
0.000000
0.000002
0.000001
0.000002
0.000000
0.000000
0.000001
0.000000
0.000000
0.000000
0.000000
0.000000
0.000000
0.000000
0.000000
0.000000
0.000000
0.000000
0.000000
0.000001
0.000000
0.000000
0.000000
0.000001
0.000000
0.000001
0.000000
0.000000
0.000001
0.000000
0.000002
0.000000
0.000000
0.000001
0.000001
0.000001
0.000000
0.000001
0.000001
0.000000
0.000000
0.000000
0.000000
0.000001
0.000001
0.000000
0.000000
0.000002
0.000001
0.000005
0.000001
0.000001
0.000000
0.000001
0.000002
0.000001
0.000000
0.000000
0.000001
0.000002
0.000000
0.000000
0.000000
0.000001
0.000000
0.000000
0.000001
0.000000
0.000001
0.000000
0.000000
0.000001
0.000002
0.000000
0.000000
0.000000
0.000000
0.000000
0.000000
0.000002
0.000000
0.000002
0.000002
0.000001
0.000002
0.000000
0.000000
0.000002
0.000001
0.000006
0.000000
0.000000
0.000002
0.000002
0.000000
0.000000
0.000000
0.000001
0.000004
0.000001
0.000001
0.000002
0.000002
0.000002
0.000000
0.000001
0.000004
0.000001
0.000001
0.000001
0.000000
0.000001
0.000000
0.000000
0.000000
0.000002
0.000004
0.000002
0.000000
0.000000
0.000002
0.000000
0.000001
0.000002
0.000003
0.000001
0.000004
0.000001
0.000000
0.000001
0.000001
0.000002
0.000001
0.000005
0.000008
0.000002
0.000001
0.000002
0.000003
0.000004
0.000002
0.000002
0.000000
0.000053
0.000794
0.000308
0.000003
0.000003
0.000004
0.000003
0.000002
0.000003
0.000000
0.000002
0.000001
0.000000
0.000000
0.000000
0.000000
0.000001
0.000000
0.000000
0.000004
0.000001
0.000001
0.000001
0.000000
0.000000
0.000002
0.000001
0.000006
0.000002
0.000000
0.000001
0.000000
0.000000
0.000000
0.000000
0.000000
0.000000
0.000000
0.000001
0.000000
0.000000
0.000001
0.000000
0.000000
0.000000
0.000000
0.000001
0.000000
0.000000
0.000000
0.000000
0.000001
0.000001
0.000000
0.000000
0.000000
0.000000
0.000001
0.000000
0.000000
0.000000
0.000001
0.000000
0.000000
0.000000
0.000001
0.000001
0.000001
0.000001
0.000000
0.000002
0.000002
0.000001
0.000000
0.000001
0.000004
0.000001
0.000001
0.000001
0.000000
0.000000
0.000001
0.000001
0.000000
0.000000
0.000000
0.000001
0.000000
0.000000
0.000001
0.000001
0.000001
0.000000
0.000000
0.000001
0.000002
0.000001
0.000001
0.000000
0.000001
0.000001
0.000000
0.000000
0.000000
0.000000
0.000001
0.000000
0.000002
0.000001
0.000000
0.000000
0.000000
0.000000
0.000000
0.000001
0.000001
0.000000
0.000000
0.000000
0.000001
0.000000
0.000001
0.000000
0.000001
0.000001
0.000001
0.000001
0.000000
0.000000
0.000001
0.000004
0.000002
0.000001
0.000000
0.000000
0.000000
0.000002
0.000000
0.000001
0.000002
0.000004
0.000002
0.000000
0.000003
0.000001
0.000001
0.000000
0.000001
0.000003
0.000001
0.000000
0.000001
0.000001
0.000002
0.000001
0.000001
0.000001
0.000001
0.000001
0.000000
0.000000
0.000000
0.000001
0.000001
0.000001
0.000002
0.000004
0.000001
0.000001
0.000003
0.000001
0.000000
0.000000
0.000000
0.000002
0.000005
0.000001
0.000003
0.000001
0.000002
0.000002
0.000001
0.000002
0.000000
0.000000
0.000001
0.000001
0.000003
0.000004
0.000002
0.000006
0.000002
0.000003
0.000000
0.000000
0.000002
0.000001
0.000001
0.000001
0.000002
0.000000
0.000001
0.000000
0.000001
0.000001
0.000001
0.000001
0.000000
0.000000
0.000000
0.000001
0.000001
0.000001
0.000002
0.000001
0.000001
0.000000
0.000000
0.000001
0.000000
0.000000
0.000001
0.000000
0.000000
0.000000
0.000000
0.000001
0.000002
0.000002
0.000000
0.000000
0.000000
0.000000
0.000000
0.000000
0.000000
0.000000
0.000000
0.000000
0.000000
0.000000
0.000000
0.000000
0.000001
0.000001
0.000001
0.000000
0.000000
0.000000
0.000000
0.000001
0.000006
0.003815
0.013321
0.001464
0.000000
0.000000
0.000001
0.000001
0.000001
0.000001
0.000001
0.000000
0.000001
0.000001
0.000000
0.000001
0.000001
0.000000
0.000001
0.000000
0.000001
0.000002
0.000000
0.000003
0.000002
0.000001
0.000000
0.000004
0.000007
0.000001
0.000000
0.000000
0.000001
0.000001
0.000002
0.000001
0.000001
0.000000
0.000000
0.000001
0.000001
0.000001
0.000000
0.000000
0.000000
0.000000
0.000000
0.000000
0.000000
0.000000
0.000000
0.000000
0.000000
0.000000
0.000001
0.000001
0.000000
0.000000
0.000000
0.000000
0.000000
0.000001
0.000000
0.000001
0.000001
0.000000
0.000001
0.000001
0.000001
0.000001
0.000446
0.009752
0.005887
0.000036
0.000001
0.000002
0.000000
0.000004
0.000000
0.000001
0.000003
0.000000
0.000001
0.000002
0.000000
0.000000
0.000000
0.000003
0.000000
0.000002
0.000001
0.000000
0.000001
0.000000
0.000002
0.000001
0.000000
0.000001
0.000002
0.000001
0.000003
0.000000
0.000000
0.000001
0.000001
0.000000
0.000000
0.000002
0.000003
0.000002
0.000000
0.000002
0.000000
0.000000
0.000000
0.000001
0.000001
0.000001
0.000000
0.000000
0.000000
0.000001
0.000001
0.000005
0.000005
0.000000
0.000002
0.000000
0.000000
0.000001
0.000000
0.000001
0.000001
0.000000
0.000000
0.000000
0.000001
0.000001
0.000000
0.000001
0.000000
0.000000
0.000001
0.000000
0.000001
0.000003
0.000001
0.000002
0.000000
0.000001
0.000000
0.000000
0.000000
0.000002
0.000000
0.000000
0.000001
0.000000
0.000000
0.000000
0.000002
0.000000
0.000000
0.000000
0.000000
0.000001
0.000000
0.000000
0.000001
0.000000
0.000001
0.000000
0.000001
0.000001
0.000001
0.000000
0.000000
0.000001
0.000001
0.000000
0.000001
0.000000
0.000001
0.000000
0.000000
0.000000
0.000000
0.000000
0.000001
0.000001
0.000000
0.000000
0.000001
0.000000
0.000000
0.000000
0.000000
0.000000
0.000001
0.000001
0.000000
0.000000
0.000000
0.000000
0.000001
0.000002
0.000000
0.000001
0.000001
0.000000
0.000000
0.000000
0.000002
0.000001
0.000000
0.000001
0.000000
0.000001
0.000000
0.000000
0.000000
0.000001
0.000001
0.000001
0.000001
0.000000
0.000001
0.000000
0.000000
0.000000
0.000001
0.000001
0.000000
0.000001
0.000000
0.000000
0.000000
0.000000
0.000001
0.000000
0.000001
0.000001
0.000000
0.000001
0.000000
0.000001
0.000002
0.000006
0.000005
0.000000
0.000001
0.000001
0.000006
0.000308
0.000388
0.000010
0.000001
0.000004
0.000003
0.000001
0.000000
0.000003
0.000005
0.000000
0.000002
0.000002
0.000001
0.000001
0.000000
0.000000
0.000003
0.000002
0.000001
0.000000
0.000002
0.000002
0.000000
0.000000
0.000001
0.000004
0.000009
0.000001
0.000001
0.000004
0.000004
0.000000
0.000004
0.000001
0.000001
0.000001
0.000001
0.000005
0.000006
0.000005
0.000003
0.000003
0.000005
0.000001
0.000000
0.000004
0.000001
0.000000
0.000001
0.000000
0.000001
0.000006
0.000005
0.000008
0.000013
0.000004
0.000002
0.000001
0.000001
0.000000
0.000001
0.000001
0.000001
0.000000
0.000001
0.000000
0.000000
0.000003
0.000004
0.000002
0.000001
0.000001
0.000001
0.000002
0.000000
0.000000
0.000001
0.000002
0.000002
0.000001
0.000001
0.000000
0.000001
0.000000
0.000001
0.000000
0.000001
0.000000
0.000000
0.000001
0.000001
0.000002
0.000000
0.000000
0.000000
0.000001
0.000001
0.000000
0.000001
0.000001
0.000000
0.000001
0.000000
0.000000
0.000001
0.000000
0.000000
0.000000
0.000001
0.000000
0.000001
0.000001
0.000001
0.000001
0.000002
0.000002
0.000002
0.000001
0.000000
0.000001
0.000002
0.000000
0.000002
0.000003
0.000001
0.000000
0.000002
0.000001
0.000001
0.000001
0.000001
0.000001
0.000001
0.000000
0.000001
0.000003
0.000000
0.000000
0.000001
0.000000
0.000000
0.000004
0.000003
0.000005
0.000002
0.000000
0.000001
0.000000
0.000003
0.000001
0.000001
0.000001
0.000000
0.000001
0.000001
0.000002
0.000000
0.000000
0.000000
0.000002
0.000000
0.000001
0.000000
0.000000
0.000001
0.000001
0.000000
0.000000
0.000001
0.000000
0.000000
0.000001
0.000002
0.000001
0.000000
0.000002
0.000000
0.000004
0.000003
0.000001
0.000000
0.000001
0.000001
0.000000
0.000003
0.000000
0.000001
0.000002
0.000003
0.000003
0.000000
0.000001
0.000002
0.000000
0.000001
0.000001
0.000000
0.000000
0.000000
0.000000
0.000001
0.000001
0.000000
0.000001
0.000000
0.000001
0.000000
0.000000
0.000001
0.000001
0.000001
0.000000
0.000001
0.000001
0.000002
0.000000
0.000001
0.000001
0.000001
0.000000
0.000001
0.000000
0.000002
0.000000
0.000000
0.000004
0.000003
0.000001
0.000002
0.000001
0.000000
0.000000
0.000001
0.000000
0.000000
0.000001
0.000001
0.000003
0.000003
0.000000
0.000002
0.000001
0.000001
0.000001
0.000001
0.000003
0.000000
0.000000
0.000000
0.000000
0.000055
0.000657
0.000222
0.000001
0.000000
0.000001
0.000000
0.000000
0.000000
0.000001
0.000002
0.000000
0.000001
0.000001
0.000001
0.000001
0.000000
0.000000
0.000001
0.000001
0.000000
0.000001
0.000001
0.000000
0.000000
0.000000
0.000000
0.000001
0.000001
0.000001
0.000001
0.000000
0.000000
0.000000
0.000000
0.000001
0.000000
0.000000
0.000001
0.000000
0.000000
0.000001
0.000001
0.000000
0.000001
0.000001
0.000000
0.000001
0.000001
0.000001
0.000000
0.000001
0.000000
0.000000
0.000000
0.000000
0.000000
0.000001
0.000001
0.000000
0.000000
0.000000
0.000002
0.000000
0.000000
0.000000
0.000000
0.000000
0.000001
0.000000
0.000021
0.000046
0.000001
0.000000
0.000000
0.000000
0.000003
0.000002
0.000001
0.000000
0.000000
0.000000
0.000000
0.000000
0.000000
0.000001
0.000000
0.000000
0.000001
0.000000
0.000001
0.000000
0.000000
0.000000
0.000000
0.000001
0.000000
0.000000
0.000000
0.000001
0.000001
0.000000
0.000000
0.000001
0.000000
0.000000
0.000001
0.000000
0.000001
0.000001
0.000001
0.000001
0.000002
0.000000
0.000000
0.000000
0.000001
0.000001
0.000000
0.000000
0.000001
0.000001
0.000003
0.000001
0.000001
0.000001
0.000001
0.000000
0.000001
0.000001
0.000000
0.000000
0.000000
0.000002
0.000001
0.000002
0.000000
0.000000
0.000001
0.000002
0.000000
0.000001
0.000000
0.000000
0.000000
0.000001
0.000002
0.000000
0.000002
0.000000
0.000001
0.000002
0.000002
0.000001
0.000001
0.000001
0.000001
0.000002
0.000001
0.000002
0.000004
0.000001
0.000000
0.000002
0.000000
0.000001
0.000000
0.000000
0.000000
0.000000
0.000003
0.000001
0.000010
0.000005
0.000003
0.000006
0.000001
0.000001
0.000000
0.000001
0.000001
0.000000
0.000001
0.000001
0.000000
0.000001
0.000002
0.000001
0.000001
0.000000
0.000002
0.000001
0.000001
0.000000
0.000002
0.000000
0.000000
0.000001
0.000000
0.000000
0.000001
0.000001
0.000001
0.000000
0.000001
0.000000
0.000001
0.000001
0.000000
0.000001
0.000000
0.000000
0.000000
0.000001
0.000000
0.000000
0.000001
0.000002
0.000000
0.000000
0.000001
0.000000
0.000000
0.000001
0.000000
0.000001
0.000000
0.000002
0.000001
0.000001
0.000001
0.000001
0.000001
0.000000
0.000001
0.000000
0.000001
0.000001
0.000001
0.000001
0.000000
0.000000
0.000001
0.000000
0.000000
0.000000
0.000000
0.000000
0.000001
0.000001
0.000000
0.000000
0.000232
0.000712
0.000069
0.000001
0.000000
0.000000
0.000000
0.000001
0.000002
0.000003
0.000003
0.000001
0.000000
0.000001
0.000000
0.000000
0.000001
0.000001
0.000001
0.000001
0.000000
0.000001
0.000001
0.000001
0.000000
0.000002
0.000002
0.000017
0.000004
0.000001
0.000001
0.000000
0.000000
0.000000
0.000001
0.000000
0.000001
0.000000
0.000000
0.000001
0.000001
0.000004
0.000000
0.000001
0.000004
0.000001
0.000000
0.000001
0.000001
0.000000
0.000002
0.000001
0.000000
0.000002
0.000003
0.000005
0.000000
0.000000
0.000001
0.000000
0.000001
0.000002
0.000000
0.000000
0.000000
0.000001
0.000004
0.000002
0.000002
0.000000
0.000001
0.000000
0.000000
0.000001
0.000000
0.000000
0.000002
0.000001
0.000001
0.000001
0.000002
0.000001
0.000001
0.000000
0.000003
0.000000
0.000000
0.000000
0.000001
0.000000
0.000001
0.000002
0.000003
0.000002
0.000001
0.000000
0.000000
0.000000
0.000000
0.000000
0.000001
0.000000
0.000002
0.000002
0.000002
0.000003
0.000001
0.000004
0.000001
0.000001
0.000003
0.000000
0.000000
0.000000
0.000000
0.000000
0.000000
0.000003
0.000001
0.000002
0.000004
0.000000
0.000001
0.000001
0.000000
0.000001
0.000002
0.000001
0.000002
0.000001
0.000001
0.000001
0.000000
0.000001
0.000000
0.000001
0.000000
0.000001
0.000000
0.000001
0.000000
0.000001
0.000000
0.000001
0.000000
0.000000
0.000001
0.000000
0.000000
0.000000
0.000000
0.000001
0.000000
0.000001
0.000000
0.000001
0.000000
0.000000
0.000000
0.000000
0.000000
0.000002
0.000001
0.000002
0.000001
0.000000
0.000000
0.000001
0.000001
0.000000
0.000002
0.000000
0.000000
0.000001
0.000000
0.000000
0.000000
0.000001
0.000001
0.000000
0.000000
0.000000
0.000001
0.000000
0.000001
0.000001
0.000001
0.000000
0.000001
0.000001
0.000001
0.000000
0.000002
0.000002
0.000003
0.000000
0.000000
0.000001
0.000001
0.000000
0.000000
0.000001
0.000000
0.000000
0.000000
0.000000
0.000002
0.000001
0.000001
0.000001
0.000000
0.000001
0.000002
0.000001
0.000000
0.000000
0.000001
0.000000
0.000000
0.000000
0.000000
0.000000
0.000000
0.000000
0.000001
0.000002
0.000001
0.000000
0.000004
0.000001
0.000001
0.000000
0.000000
0.000000
0.000000
0.000001
0.000000
0.000000
0.000004
0.000002
0.000002
0.000000
0.000000
0.000000
0.000000
0.000001
0.000001
0.000000
0.000001
0.000002
0.000000
0.000106
0.004730
0.004787
0.000098
0.000001
0.000000
0.000002
0.000001
0.000001
0.000002
0.000003
0.000000
0.000000
0.000003
0.000000
0.000002
0.000001
0.000000
0.000001
0.000000
0.000002
0.000001
0.000001
0.000000
0.000001
0.000001
0.000004
0.000000
0.000001
0.000000
0.000001
0.000000
0.000000
0.000001
0.000001
0.000000
0.000001
0.000003
0.000002
0.000003
0.000002
0.000003
0.000002
0.000003
0.000001
0.000001
0.000001
0.000000
0.000001
0.000000
0.000000
0.000002
0.000001
0.000002
0.000003
0.000001
0.000001
0.000001
0.000000
0.000000
0.000001
0.000000
0.000001
0.000000
0.000000
0.000000
0.000001
0.000002
0.000001
0.000000
0.000016
0.000046
0.000007
0.000001
0.000000
0.000001
0.000000
0.000000
0.000000
0.000000
0.000000
0.000000
0.000002
0.000000
0.000000
0.000000
0.000000
0.000001
0.000002
0.000000
0.000001
0.000000
0.000000
0.000002
0.000001
0.000002
0.000000
0.000001
0.000000
0.000002
0.000001
0.000002
0.000000
0.000000
0.000001
0.000001
0.000001
0.000001
0.000000
0.000001
0.000001
0.000000
0.000001
0.000000
0.000000
0.000000
0.000000
0.000000
0.000003
0.000000
0.000000
0.000000
0.000000
0.000000
0.000001
0.000001
0.000002
0.000002
0.000000
0.000000
0.000001
0.000000
0.000000
0.000000
0.000000
0.000000
0.000000
0.000000
0.000000
0.000000
0.000002
0.000001
0.000000
0.000000
0.000000
0.000000
0.000002
0.000000
0.000000
0.000001
0.000000
0.000000
0.000001
0.000001
0.000001
0.000000
0.000000
0.000001
0.000003
0.000001
0.000001
0.000003
0.000001
0.000000
0.000000
0.000001
0.000000
0.000001
0.000000
0.000000
0.000000
0.000000
0.000002
0.000000
0.000000
0.000000
0.000000
0.000000
0.000002
0.000000
0.000001
0.000001
0.000000
0.000001
0.000000
0.000001
0.000000
0.000001
0.000001
0.000001
0.000000
0.000000
0.000000
0.000003
0.000003
0.000003
0.000000
0.000001
0.000001
0.000001
0.000000
0.000002
0.000000
0.000001
0.000001
0.000002
0.000000
0.000001
0.000001
0.000004
0.000002
0.000002
0.000000
0.000000
0.000000
0.000002
0.000000
0.000001
0.000000
0.000000
0.000001
0.000000
0.000002
0.000003
0.000004
0.000003
0.000000
0.000004
0.000000
0.000001
0.000001
0.000001
0.000000
0.000002
0.000001
0.000001
0.000000
0.000002
0.000000
0.000000
0.000003
0.000000
0.000000
0.000000
0.000000
0.000000
0.000000
0.000001
0.000000
0.000001
0.000001
0.000001
0.000087
0.000850
0.000258
0.000001
0.000000
0.000000
0.000000
0.000000
0.000001
0.000000
0.000001
0.000001
0.000000
0.000000
0.000000
0.000001
0.000000
0.000001
0.000000
0.000000
0.000000
0.000001
0.000001
0.000002
0.000001
0.000001
0.000002
0.000040
0.000024
0.000001
0.000002
0.000000
0.000000
0.000001
0.000002
0.000001
0.000002
0.000001
0.000000
0.000000
0.000001
0.000000
0.000001
0.000000
0.000001
0.000001
0.000000
0.000001
0.000000
0.000000
0.000001
0.000001
0.000000
0.000000
0.000000
0.000000
0.000000
0.000000
0.000001
0.000001
0.000001
0.000000
0.000001
0.000001
0.000000
0.000001
0.000000
0.000001
0.000000
0.000000
0.000001
0.000001
0.000001
0.000000
0.000002
0.000001
0.000001
0.000001
0.000001
0.000000
0.000000
0.000001
0.000001
0.000000
0.000001
0.000004
0.000002
0.000000
0.000001
0.000001
0.000002
0.000004
0.000001
0.000001
0.000001
0.000000
0.000000
0.000000
0.000000
0.000000
0.000000
0.000000
0.000000
0.000000
0.000001
0.000001
0.000001
0.000000
0.000000
0.000002
0.000001
0.000002
0.000000
0.000000
0.000001
0.000001
0.000002
0.000001
0.000001
0.000000
0.000002
0.000000
0.000000
0.000001
0.000000
0.000001
0.000001
0.000000
0.000000
0.000000
0.000001
0.000002
0.000000
0.000000
0.000001
0.000000
0.000001
0.000000
0.000001
0.000000
0.000001
0.000001
0.000002
0.000000
0.000001
0.000000
0.000002
0.000000
0.000000
0.000000
0.000000
0.000000
0.000001
0.000000
0.000002
0.000005
0.000000
0.000003
0.000002
0.000001
0.000001
0.000000
0.000001
0.000000
0.000000
0.000000
0.000000
0.000003
0.000001
0.000000
0.000002
0.000000
0.000001
0.000001
0.000001
0.000001
0.000001
0.000000
0.000001
0.000000
0.000000
0.000000
0.000001
0.000000
0.000000
0.000000
0.000000
0.000000
0.000000
0.000001
0.000001
0.000001
0.000000
0.000000
0.000000
0.000000
0.000000
0.000000
0.000001
0.000001
0.000000
0.000000
0.000001
0.000000
0.000000
0.000000
0.000001
0.000001
0.000002
0.000002
0.000000
0.000001
0.000000
0.000002
0.000001
0.000000
0.000000
0.000001
0.000000
0.000000
0.000000
0.000001
0.000000
0.000001
0.000000
0.000000
0.000000
0.000000
0.000000
0.000001
0.000000
0.000000
0.000000
0.000000
0.000001
0.000001
0.000000
0.000000
0.000002
0.000001
0.000002
0.000001
0.000001
0.000004
0.000001
0.000001
0.000000
0.000002
0.000000
0.000001
0.000003
0.000004
0.003770
0.011134
0.001008
0.000000
0.000000
0.000001
0.000001
0.000001
0.000001
0.000000
0.000001
0.000000
0.000000
0.000000
0.000001
0.000001
0.000000
0.000000
0.000001
0.000002
0.000000
0.000001
0.000001
0.000001
0.000001
0.000001
0.000000
0.000001
0.000000
0.000001
0.000000
0.000001
0.000002
0.000002
0.000001
0.000000
0.000001
0.000000
0.000001
0.000000
0.000001
0.000002
0.000006
0.000000
0.000000
0.000001
0.000000
0.000001
0.000000
0.000002
0.000000
0.000001
0.000001
0.000001
0.000000
0.000002
0.000000
0.000001
0.000001
0.000000
0.000001
0.000001
0.000000
0.000002
0.000001
0.000000
0.000001
0.000001
0.000000
0.000002
0.000043
0.000021
0.000000
0.000004
0.000002
0.000002
0.000000
0.000000
0.000000
0.000001
0.000001
0.000000
0.000000
0.000000
0.000000
0.000000
0.000002
0.000005
0.000004
0.000005
0.000006
0.000001
0.000001
0.000001
0.000000
0.000001
0.000000
0.000002
0.000000
0.000001
0.000001
0.000001
0.000004
0.000001
0.000001
0.000002
0.000000
0.000001
0.000000
0.000000
0.000001
0.000001
0.000001
0.000000
0.000000
0.000000
0.000000
0.000001
0.000000
0.000000
0.000001
0.000001
0.000001
0.000000
0.000001
0.000000
0.000000
0.000000
0.000000
0.000001
0.000000
0.000001
0.000002
0.000004
0.000002
0.000000
0.000000
0.000000
0.000000
0.000004
0.000020
0.000003
0.000000
0.000001
0.000002
0.000000
0.000003
0.000000
0.000000
0.000000
0.000001
0.000000
0.000001
0.000000
0.000001
0.000000
0.000000
0.000001
0.000000
0.000000
0.000000
0.000000
0.000001
0.000001
0.000000
0.000000
0.000000
0.000001
0.000000
0.000000
0.000001
0.000003
0.000001
0.000001
0.000001
0.000001
0.000002
0.000000
0.000001
0.000001
0.000002
0.000000
0.000000
0.000001
0.000000
0.000001
0.000000
0.000000
0.000000
0.000000
0.000000
0.000000
0.000000
0.000001
0.000002
0.000002
0.000000
0.000000
0.000001
0.000000
0.000000
0.000000
0.000001
0.000006
0.000002
0.000002
0.000001
0.000004
0.000000
0.000001
0.000001
0.000000
0.000000
0.000001
0.000000
0.000001
0.000001
0.000002
0.000000
0.000000
0.000000
0.000000
0.000000
0.000000
0.000000
0.000002
0.000003
0.000002
0.000001
0.000000
0.000001
0.000001
0.000003
0.000001
0.000001
0.000000
0.000001
0.000001
0.000001
0.000000
0.000001
0.000000
0.000000
0.000000
0.000001
0.000000
0.000001
0.000001
0.000001
0.000000
0.000001
0.000016
0.000495
0.000456
0.000014
0.000002
0.000000
0.000000
0.000001
0.000001
0.000001
0.000001
0.000000
0.000000
0.000001
0.000000
0.000000
0.000000
0.000000
0.000000
0.000001
0.000002
0.000003
0.000002
0.000002
0.000000
0.000000
0.000002
0.000062
0.000135
0.000008
0.000001
0.000000
0.000002
0.000002
0.000000
0.000003
0.000000
0.000001
0.000002
0.000001
0.000000
0.000001
0.000000
0.000000
0.000000
0.000000
0.000000
0.000001
0.000001
0.000000
0.000000
0.000000
0.000001
0.000000
0.000000
0.000001
0.000000
0.000001
0.000001
0.000000
0.000000
0.000000
0.000000
0.000000
0.000000
0.000001
0.000001
0.000002
0.000000
0.000001
0.000000
0.000001
0.000001
0.000001
0.000002
0.000001
0.000000
0.000000
0.000001
0.000002
0.000002
0.000000
0.000001
0.000000
0.000001
0.000000
0.000001
0.000001
0.000001
0.000000
0.000000
0.000001
0.000000
0.000001
0.000001
0.000001
0.000001
0.000001
0.000000
0.000001
0.000001
0.000000
0.000000
0.000003
0.000002
0.000003
0.000002
0.000001
0.000001
0.000001
0.000002
0.000000
0.000001
0.000000
0.000001
0.000001
0.000002
0.000002
0.000001
0.000000
0.000000
0.000000
0.000002
0.000000
0.000000
0.000000
0.000000
0.000001
0.000000
0.000000
0.000000
0.000000
0.000001
0.000000
0.000001
0.000001
0.000001
0.000004
0.000001
0.000000
0.000003
0.000002
0.000001
0.000000
0.000000
0.000000
0.000001
0.000000
0.000000
0.000002
0.000001
0.000001
0.000000
0.000000
0.000000
0.000000
0.000000
0.000000
0.000001
0.000002
0.000002
0.000002
0.000001
0.000000
0.000001
0.000001
0.000002
0.000000
0.000000
0.000000
0.000001
0.000003
0.000001
0.000002
0.000000
0.000002
0.000000
0.000001
0.000000
0.000000
0.000001
0.000002
0.000003
0.000000
0.000000
0.000000
0.000003
0.000001
0.000000
0.000001
0.000004
0.000003
0.000004
0.000000
0.000000
0.000001
0.000001
0.000000
0.000000
0.000001
0.000000
0.000000
0.000000
0.000001
0.000000
0.000001
0.000003
0.000002
0.000000
0.000002
0.000001
0.000000
0.000000
0.000002
0.000001
0.000000
0.000000
0.000001
0.000001
0.000002
0.000001
0.000001
0.000002
0.000001
0.000001
0.000001
0.000000
0.000001
0.000000
0.000000
0.000000
0.000000
0.000001
0.000000
0.000000
0.000001
0.000000
0.000000
0.000000
0.000001
0.000001
0.000001
0.000001
0.000000
0.000000
0.000000
0.000000
0.000000
0.000000
0.000002
0.000001
0.000001
0.001225
0.011038
0.003328
0.000003
0.000003
0.000001
0.000002
0.000003
0.000000
0.000001
0.000000
0.000003
0.000001
0.000000
0.000000
0.000001
0.000000
0.000000
0.000000
0.000001
0.000000
0.000001
0.000000
0.000000
0.000001
0.000000
0.000000
0.000006
0.000001
0.000000
0.000000
0.000000
0.000001
0.000001
0.000000
0.000000
0.000001
0.000002
0.000003
0.000002
0.000001
0.000002
0.000001
0.000000
0.000000
0.000002
0.000000
0.000001
0.000002
0.000001
0.000001
0.000001
0.000000
0.000001
0.000000
0.000000
0.000001
0.000000
0.000001
0.000000
0.000002
0.000001
0.000000
0.000001
0.000001
0.000001
0.000000
0.000000
0.000004
0.000004
0.000016
0.000025
0.000003
0.000001
0.000001
0.000001
0.000000
0.000000
0.000000
0.000001
0.000000
0.000000
0.000003
0.000000
0.000000
0.000000
0.000000
0.000000
0.000000
0.000000
0.000001
0.000002
0.000002
0.000002
0.000000
0.000000
0.000000
0.000000
0.000000
0.000001
0.000001
0.000002
0.000001
0.000005
0.000001
0.000000
0.000002
0.000000
0.000001
0.000001
0.000000
0.000001
0.000001
0.000003
0.000001
0.000001
0.000001
0.000000
0.000000
0.000001
0.000001
0.000000
0.000000
0.000004
0.000002
0.000001
0.000001
0.000001
0.000000
0.000000
0.000000
0.000000
0.000000
0.000000
0.000002
0.000000
0.000000
0.000003
0.000002
0.000014
0.000065
0.000015
0.000002
0.000001
0.000000
0.000000
0.000001
0.000003
0.000000
0.000002
0.000000
0.000001
0.000002
0.000000
0.000001
0.000001
0.000000
0.000001
0.000001
0.000001
0.000000
0.000000
0.000001
0.000000
0.000000
0.000001
0.000000
0.000000
0.000000
0.000000
0.000000
0.000001
0.000001
0.000002
0.000001
0.000000
0.000000
0.000000
0.000001
0.000000
0.000000
0.000001
0.000001
0.000001
0.000001
0.000002
0.000001
0.000001
0.000001
0.000000
0.000003
0.000001
0.000000
0.000000
0.000000
0.000001
0.000002
0.000000
0.000000
0.000000
0.000000
0.000000
0.000002
0.000001
0.000002
0.000000
0.000000
0.000000
0.000000
0.000001
0.000000
0.000001
0.000000
0.000000
0.000000
0.000000
0.000000
0.000000
0.000000
0.000001
0.000001
0.000005
0.000003
0.000001
0.000001
0.000002
0.000001
0.000001
0.000001
0.000000
0.000000
0.000001
0.000003
0.000002
0.000001
0.000001
0.000001
0.000000
0.000000
0.000001
0.000001
0.000000
0.000000
0.000000
0.000002
0.000000
0.000000
0.000000
0.000000
0.000000
0.000001
0.000001
0.000191
0.000446
0.000029
0.000001
0.000000
0.000001
0.000000
0.000000
0.000000
0.000000
0.000000
0.000000
0.000001
0.000000
0.000001
0.000002
0.000000
0.000000
0.000000
0.000001
0.000000
0.000000
0.000001
0.000002
0.000002
0.000001
0.000058
0.000254
0.000050
0.000001
0.000001
0.000000
0.000001
0.000000
0.000000
0.000001
0.000001
0.000001
0.000001
0.000001
0.000000
0.000003
0.000001
0.000000
0.000001
0.000001
0.000001
0.000000
0.000000
0.000000
0.000001
0.000000
0.000000
0.000001
0.000000
0.000002
0.000004
0.000000
0.000000
0.000001
0.000000
0.000000
0.000000
0.000000
0.000000
0.000000
0.000001
0.000002
0.000000
0.000001
0.000007
0.000003
0.000002
0.000002
0.000001
0.000001
0.000001
0.000002
0.000001
0.000001
0.000001
0.000000
0.000000
0.000002
0.000001
0.000001
0.000001
0.000001
0.000002
0.000000
0.000000
0.000001
0.000000
0.000000
0.000001
0.000000
0.000002
0.000000
0.000000
0.000000
0.000000
0.000001
0.000001
0.000001
0.000002
0.000002
0.000002
0.000001
0.000001
0.000001
0.000001
0.000000
0.000000
0.000001
0.000001
0.000000
0.000002
0.000002
0.000002
0.000000
0.000001
0.000001
0.000001
0.000002
0.000000
0.000000
0.000001
0.000001
0.000001
0.000001
0.000000
0.000000
0.000000
0.000000
0.000001
0.000003
0.000002
0.000001
0.000000
0.000002
0.000002
0.000002
0.000000
0.000001
0.000001
0.000000
0.000000
0.000000
0.000001
0.000000
0.000000
0.000000
0.000002
0.000003
0.000003
0.000002
0.000001
0.000000
0.000002
0.000000
0.000001
0.000000
0.000000
0.000000
0.000001
0.000002
0.000000
0.000000
0.000001
0.000001
0.000000
0.000000
0.000001
0.000000
0.000000
0.000000
0.000000
0.000001
0.000000
0.000000
0.000000
0.000000
0.000000
0.000001
0.000002
0.000003
0.000003
0.000000
0.000000
0.000000
0.000000
0.000002
0.000000
0.000000
0.000000
0.000001
0.000000
0.000000
0.000004
0.000001
0.000001
0.000000
0.000001
0.000001
0.000002
0.000000
0.000001
0.000002
0.000003
0.000005
0.000001
0.000000
0.000001
0.000001
0.000000
0.000001
0.000001
0.000003
0.000001
0.000001
0.000001
0.000001
0.000001
0.000002
0.000001
0.000001
0.000000
0.000001
0.000000
0.000001
0.000000
0.000001
0.000000
0.000000
0.000000
0.000000
0.000002
0.000000
0.000000
0.000005
0.000003
0.000004
0.000001
0.000000
0.000000
0.000001
0.000000
0.000002
0.000001
0.000002
0.000001
0.000168
0.005876
0.004794
0.000055
0.000002
0.000001
0.000003
0.000001
0.000001
0.000000
0.000001
0.000001
0.000000
0.000001
0.000001
0.000001
0.000000
0.000001
0.000002
0.000000
0.000001
0.000002
0.000001
0.000000
0.000000
0.000001
0.000001
0.000005
0.000015
0.000000
0.000001
0.000001
0.000000
0.000001
0.000002
0.000001
0.000001
0.000000
0.000002
0.000000
0.000001
0.000001
0.000001
0.000000
0.000000
0.000000
0.000001
0.000003
0.000001
0.000002
0.000001
0.000001
0.000001
0.000000
0.000001
0.000001
0.000002
0.000000
0.000000
0.000000
0.000000
0.000002
0.000002
0.000000
0.000000
0.000000
0.000000
0.000000
0.000001
0.000003
0.000007
0.000018
0.000003
0.000000
0.000001
0.000001
0.000000
0.000000
0.000000
0.000000
0.000000
0.000000
0.000000
0.000000
0.000000
0.000001
0.000003
0.000003
0.000002
0.000002
0.000000
0.000000
0.000000
0.000000
0.000000
0.000000
0.000000
0.000001
0.000001
0.000001
0.000000
0.000000
0.000000
0.000000
0.000000
0.000000
0.000000
0.000000
0.000000
0.000001
0.000000
0.000001
0.000000
0.000000
0.000001
0.000002
0.000001
0.000002
0.000002
0.000002
0.000000
0.000000
0.000000
0.000001
0.000000
0.000000
0.000001
0.000000
0.000000
0.000000
0.000000
0.000001
0.000000
0.000000
0.000000
0.000001
0.000001
0.000001
0.000000
0.000004
0.000162
0.000104
0.000003
0.000003
0.000000
0.000000
0.000001
0.000000
0.000000
0.000000
0.000000
0.000000
0.000002
0.000001
0.000000
0.000000
0.000000
0.000000
0.000001
0.000001
0.000001
0.000000
0.000000
0.000001
0.000000
0.000000
0.000001
0.000001
0.000000
0.000000
0.000000
0.000001
0.000002
0.000006
0.000002
0.000001
0.000000
0.000000
0.000000
0.000000
0.000001
0.000001
0.000000
0.000000
0.000000
0.000000
0.000000
0.000002
0.000001
0.000001
0.000000
0.000000
0.000000
0.000000
0.000000
0.000000
0.000001
0.000001
0.000000
0.000001
0.000000
0.000000
0.000001
0.000000
0.000001
0.000004
0.000001
0.000000
0.000000
0.000000
0.000000
0.000001
0.000000
0.000000
0.000001
0.000000
0.000000
0.000000
0.000000
0.000001
0.000000
0.000000
0.000001
0.000001
0.000000
0.000000
0.000002
0.000002
0.000000
0.000001
0.000001
0.000001
0.000002
0.000000
0.000001
0.000001
0.000001
0.000002
0.000001
0.000000
0.000000
0.000000
0.000000
0.000000
0.000000
0.000001
0.000001
0.000000
0.000001
0.000000
0.000000
0.000000
0.000027
0.000228
0.000062
0.000000
0.000000
0.000000
0.000002
0.000001
0.000001
0.000002
0.000001
0.000001
0.000000
0.000000
0.000000
0.000000
0.000000
0.000000
0.000002
0.000002
0.000003
0.000001
0.000000
0.000003
0.000001
0.000001
0.000014
0.000318
0.000177
0.000002
0.000002
0.000001
0.000001
0.000000
0.000000
0.000000
0.000000
0.000000
0.000000
0.000001
0.000000
0.000000
0.000001
0.000001
0.000001
0.000000
0.000000
0.000001
0.000001
0.000001
0.000001
0.000001
0.000001
0.000000
0.000000
0.000001
0.000000
0.000000
0.000000
0.000000
0.000000
0.000001
0.000001
0.000001
0.000001
0.000000
0.000000
0.000001
0.000001
0.000001
0.000000
0.000001
0.000001
0.000001
0.000006
0.000003
0.000000
0.000000
0.000000
0.000000
0.000001
0.000001
0.000001
0.000001
0.000001
0.000001
0.000000
0.000001
0.000002
0.000001
0.000001
0.000001
0.000001
0.000000
0.000001
0.000000
0.000001
0.000000
0.000000
0.000000
0.000000
0.000000
0.000000
0.000000
0.000001
0.000005
0.000003
0.000000
0.000000
0.000000
0.000001
0.000000
0.000000
0.000001
0.000001
0.000000
0.000001
0.000001
0.000000
0.000001
0.000003
0.000001
0.000002
0.000001
0.000000
0.000000
0.000000
0.000001
0.000000
0.000001
0.000000
0.000000
0.000001
0.000000
0.000001
0.000000
0.000002
0.000006
0.000003
0.000001
0.000004
0.000001
0.000001
0.000000
0.000000
0.000000
0.000000
0.000001
0.000000
0.000000
0.000000
0.000000
0.000000
0.000000
0.000001
0.000000
0.000000
0.000000
0.000001
0.000000
0.000001
0.000000
0.000001
0.000001
0.000003
0.000001
0.000001
0.000001
0.000001
0.000001
0.000001
0.000000
0.000001
0.000001
0.000001
0.000001
0.000000
0.000001
0.000002
0.000000
0.000000
0.000002
0.000001
0.000001
0.000000
0.000000
0.000000
0.000000
0.000000
0.000000
0.000000
0.000002
0.000001
0.000000
0.000000
0.000000
0.000001
0.000002
0.000000
0.000000
0.000000
0.000000
0.000001
0.000003
0.000001
0.000001
0.000000
0.000002
0.000002
0.000002
0.000000
0.000000
0.000001
0.000001
0.000002
0.000002
0.000001
0.000001
0.000000
0.000000
0.000000
0.000001
0.000001
0.000000
0.000000
0.000001
0.000000
0.000001
0.000000
0.000000
0.000000
0.000001
0.000003
0.000002
0.000002
0.000001
0.000001
0.000001
0.000001
0.000000
0.000000
0.000001
0.000001
0.000000
0.000000
0.000000
0.000001
0.000001
0.000002
0.000000
0.000000
0.000006
0.001560
0.003839
0.000264
0.000000
0.000000
0.000002
0.000001
0.000005
0.000000
0.000000
0.000001
0.000000
0.000001
0.000001
0.000001
0.000000
0.000002
0.000002
0.000001
0.000000
0.000002
0.000000
0.000000
0.000002
0.000001
0.000002
0.000008
0.000041
0.000006
0.000000
0.000001
0.000000
0.000000
0.000000
0.000000
0.000000
0.000003
0.000006
0.000005
0.000001
0.000000
0.000001
0.000000
0.000001
0.000001
0.000000
0.000000
0.000001
0.000000
0.000001
0.000001
0.000001
0.000001
0.000002
0.000001
0.000003
0.000001
0.000001
0.000000
0.000001
0.000000
0.000000
0.000001
0.000000
0.000001
0.000000
0.000001
0.000001
0.000000
0.000004
0.000008
0.000002
0.000000
0.000001
0.000001
0.000000
0.000000
0.000000
0.000001
0.000000
0.000001
0.000000
0.000000
0.000003
0.000002
0.000001
0.000000
0.000001
0.000001
0.000000
0.000001
0.000000
0.000000
0.000000
0.000000
0.000002
0.000002
0.000000
0.000002
0.000001
0.000003
0.000002
0.000001
0.000000
0.000002
0.000002
0.000000
0.000000
0.000001
0.000001
0.000000
0.000001
0.000000
0.000000
0.000000
0.000000
0.000000
0.000001
0.000000
0.000000
0.000000
0.000001
0.000002
0.000002
0.000001
0.000000
0.000001
0.000000
0.000001
0.000000
0.000000
0.000000
0.000000
0.000001
0.000002
0.000001
0.000003
0.000001
0.000001
0.000277
0.000578
0.000044
0.000000
0.000000
0.000001
0.000002
0.000005
0.000001
0.000000
0.000000
0.000002
0.000000
0.000002
0.000000
0.000000
0.000000
0.000000
0.000000
0.000000
0.000000
0.000001
0.000001
0.000000
0.000002
0.000002
0.000002
0.000001
0.000000
0.000001
0.000000
0.000001
0.000001
0.000000
0.000001
0.000000
0.000000
0.000000
0.000001
0.000001
0.000000
0.000001
0.000000
0.000000
0.000000
0.000002
0.000003
0.000002
0.000001
0.000002
0.000001
0.000002
0.000004
0.000002
0.000000
0.000000
0.000000
0.000001
0.000001
0.000000
0.000001
0.000001
0.000002
0.000000
0.000001
0.000002
0.000003
0.000000
0.000000
0.000002
0.000000
0.000001
0.000000
0.000000
0.000000
0.000000
0.000000
0.000001
0.000001
0.000001
0.000000
0.000001
0.000006
0.000002
0.000000
0.000000
0.000001
0.000004
0.000003
0.000000
0.000000
0.000000
0.000000
0.000001
0.000002
0.000000
0.000000
0.000001
0.000000
0.000001
0.000001
0.000000
0.000000
0.000001
0.000000
0.000001
0.000001
0.000000
0.000001
0.000001
0.000001
0.000000
0.000002
0.000051
0.000034
0.000002
0.000001
0.000000
0.000000
0.000000
0.000000
0.000001
0.000001
0.000000
0.000001
0.000000
0.000000
0.000000
0.000000
0.000003
0.000000
0.000001
0.000001
0.000002
0.000000
0.000001
0.000001
0.000001
0.000002
0.000164
0.000258
0.000004
0.000001
0.000000
0.000001
0.000001
0.000003
0.000001
0.000002
0.000000
0.000000
0.000001
0.000000
0.000001
0.000000
0.000002
0.000001
0.000000
0.000000
0.000001
0.000001
0.000000
0.000002
0.000001
0.000000
0.000000
0.000000
0.000001
0.000002
0.000005
0.000000
0.000000
0.000000
0.000000
0.000000
0.000000
0.000000
0.000002
0.000001
0.000001
0.000003
0.000002
0.000002
0.000000
0.000000
0.000001
0.000000
0.000000
0.000001
0.000002
0.000001
0.000001
0.000001
0.000001
0.000000
0.000000
0.000000
0.000000
0.000001
0.000000
0.000000
0.000000
0.000000
0.000000
0.000001
0.000001
0.000000
0.000000
0.000000
0.000003
0.000000
0.000000
0.000001
0.000001
0.000004
0.000001
0.000002
0.000000
0.000000
0.000002
0.000000
0.000001
0.000001
0.000000
0.000001
0.000001
0.000000
0.000000
0.000001
0.000001
0.000000
0.000000
0.000002
0.000003
0.000003
0.000000
0.000002
0.000000
0.000000
0.000000
0.000001
0.000000
0.000002
0.000001
0.000001
0.000003
0.000001
0.000000
0.000000
0.000001
0.000001
0.000000
0.000001
0.000002
0.000001
0.000000
0.000001
0.000001
0.000001
0.000000
0.000000
0.000000
0.000001
0.000001
0.000001
0.000001
0.000003
0.000004
0.000001
0.000000
0.000001
0.000002
0.000002
0.000000
0.000001
0.000001
0.000000
0.000000
0.000002
0.000001
0.000000
0.000000
0.000001
0.000000
0.000002
0.000001
0.000001
0.000000
0.000001
0.000000
0.000001
0.000000
0.000000
0.000002
0.000002
0.000001
0.000001
0.000000
0.000001
0.000002
0.000000
0.000000
0.000001
0.000001
0.000001
0.000000
0.000000
0.000000
0.000000
0.000000
0.000000
0.000000
0.000000
0.000002
0.000003
0.000001
0.000000
0.000001
0.000000
0.000000
0.000000
0.000001
0.000000
0.000000
0.000002
0.000001
0.000002
0.000000
0.000000
0.000001
0.000002
0.000003
0.000002
0.000000
0.000000
0.000000
0.000001
0.000001
0.000000
0.000000
0.000004
0.000001
0.000000
0.000001
0.000001
0.000001
0.000002
0.000001
0.000000
0.000001
0.000000
0.000000
0.000001
0.000004
0.000001
0.000000
0.000000
0.000000
0.000000
0.000000
0.000000
0.000000
0.000000
0.000001
0.000189
0.001506
0.000369
0.000000
0.000000
0.000001
0.000000
0.000000
0.000003
0.000004
0.000001
0.000003
0.000001
0.000000
0.000000
0.000001
0.000000
0.000001
0.000001
0.000001
0.000001
0.000002
0.000000
0.000000
0.000001
0.000001
0.000001
0.000040
0.000024
0.000002
0.000003
0.000000
0.000000
0.000002
0.000001
0.000001
0.000001
0.000001
0.000000
0.000000
0.000001
0.000001
0.000001
0.000000
0.000000
0.000001
0.000001
0.000000
0.000000
0.000001
0.000001
0.000002
0.000001
0.000006
0.000004
0.000001
0.000002
0.000001
0.000000
0.000000
0.000001
0.000001
0.000000
0.000001
0.000000
0.000002
0.000002
0.000000
0.000000
0.000001
0.000007
0.000002
0.000001
0.000003
0.000001
0.000001
0.000000
0.000001
0.000001
0.000000
0.000000
0.000001
0.000000
0.000001
0.000000
0.000000
0.000003
0.000003
0.000002
0.000001
0.000001
0.000001
0.000002
0.000001
0.000001
0.000000
0.000000
0.000001
0.000002
0.000001
0.000000
0.000000
0.000002
0.000001
0.000001
0.000001
0.000000
0.000000
0.000000
0.000001
0.000000
0.000000
0.000002
0.000001
0.000003
0.000000
0.000001
0.000001
0.000003
0.000001
0.000001
0.000000
0.000001
0.000001
0.000001
0.000001
0.000001
0.000000
0.000001
0.000000
0.000000
0.000000
0.000000
0.000003
0.000001
0.000001
0.000000
0.000000
0.000000
0.000371
0.002351
0.000448
0.000000
0.000000
0.000000
0.000002
0.000001
0.000001
0.000001
0.000000
0.000002
0.000001
0.000002
0.000000
0.000000
0.000001
0.000001
0.000000
0.000000
0.000001
0.000001
0.000002
0.000000
0.000002
0.000001
0.000000
0.000000
0.000002
0.000000
0.000000
0.000000
0.000000
0.000001
0.000003
0.000001
0.000000
0.000001
0.000001
0.000000
0.000001
0.000000
0.000001
0.000001
0.000002
0.000002
0.000002
0.000001
0.000000
0.000001
0.000001
0.000002
0.000001
0.000003
0.000003
0.000003
0.000001
0.000002
0.000000
0.000000
0.000000
0.000001
0.000000
0.000001
0.000001
0.000001
0.000000
0.000001
0.000000
0.000000
0.000001
0.000001
0.000001
0.000000
0.000003
0.000001
0.000000
0.000000
0.000001
0.000002
0.000001
0.000001
0.000001
0.000000
0.000001
0.000000
0.000001
0.000002
0.000001
0.000001
0.000000
0.000001
0.000000
0.000000
0.000000
0.000002
0.000001
0.000002
0.000002
0.000003
0.000000
0.000000
0.000000
0.000000
0.000000
0.000001
0.000000
0.000000
0.000001
0.000000
0.000001
0.000001
0.000003
0.000004
0.000009
0.000002
0.000001
0.000001
0.000001
0.000001
0.000000
0.000000
0.000002
0.000002
0.000000
0.000000
0.000000
0.000000
0.000001
0.000002
0.000000
0.000001
0.000004
0.000001
0.000001
0.000000
0.000002
0.000003
0.000001
0.000053
0.000202
0.000035
0.000000
0.000001
0.000000
0.000000
0.000002
0.000001
0.000000
0.000001
0.000001
0.000000
0.000000
0.000000
0.000000
0.000001
0.000000
0.000001
0.000001
0.000003
0.000003
0.000001
0.000002
0.000002
0.000001
0.000001
0.000002
0.000001
0.000001
0.000001
0.000001
0.000001
0.000000
0.000001
0.000000
0.000001
0.000000
0.000000
0.000001
0.000003
0.000002
0.000000
0.000000
0.000000
0.000001
0.000003
0.000000
0.000000
0.000001
0.000000
0.000000
0.000001
0.000001
0.000000
0.000001
0.000000
0.000001
0.000001
0.000001
0.000000
0.000000
0.000002
0.000001
0.000001
0.000001
0.000001
0.000003
0.000001
0.000000
0.000001
0.000000
0.000001
0.000000
0.000000
0.000002
0.000001
0.000001
0.000000
0.000001
0.000001
0.000000
0.000000
0.000001
0.000000
0.000000
0.000000
0.000001
0.000001
0.000002
0.000000
0.000001
0.000002
0.000000
0.000000
0.000000
0.000000
0.000000
0.000001
0.000003
0.000002
0.000003
0.000001
0.000000
0.000001
0.000001
0.000000
0.000001
0.000001
0.000001
0.000001
0.000002
0.000001
0.000004
0.000004
0.000000
0.000002
0.000001
0.000000
0.000000
0.000001
0.000000
0.000001
0.000002
0.000001
0.000001
0.000001
0.000002
0.000001
0.000001
0.000000
0.000001
0.000002
0.000001
0.000000
0.000000
0.000000
0.000000
0.000001
0.000001
0.000002
0.000004
0.000002
0.000004
0.000003
0.000001
0.000000
0.000000
0.000000
0.000001
0.000001
0.000001
0.000001
0.000000
0.000000
0.000001
0.000002
0.000001
0.000001
0.000000
0.000000
0.000000
0.000000
0.000002
0.000001
0.000000
0.000001
0.000002
0.000001
0.000001
0.000001
0.000000
0.000001
0.000002
0.000001
0.000000
0.000001
0.000002
0.000001
0.000000
0.000001
0.000001
0.000005
0.000001
0.000000
0.000000
0.000000
0.000000
0.000000
0.000002
0.000000
0.000000
0.000002
0.000001
0.000001
0.000002
0.000002
0.000001
0.000000
0.000000
0.000001
0.000002
0.000001
0.000001
0.000001
0.000001
0.000000
0.000001
0.000002
0.000000
0.000001
0.000000
0.000001
0.000001
0.000004
0.000001
0.000001
0.000000
0.000000
0.000000
0.000000
0.000002
0.000000
0.000002
0.000001
0.000010
0.000253
0.000172
0.000002
0.000000
0.000000
0.000000
0.000000
0.000000
0.000000
0.000003
0.000002
0.000003
0.000001
0.000001
0.000002
0.000002
0.000002
0.000001
0.000000
0.000001
0.000002
0.000000
0.000001
0.000002
0.000001
0.000003
0.000017
0.000022
0.000001
0.000001
0.000001
0.000002
0.000000
0.000001
0.000001
0.000002
0.000000
0.000002
0.000002
0.000000
0.000001
0.000001
0.000000
0.000000
0.000000
0.000000
0.000001
0.000002
0.000001
0.000001
0.000001
0.000001
0.000000
0.000001
0.000002
0.000000
0.000001
0.000001
0.000002
0.000001
0.000001
0.000000
0.000000
0.000000
0.000001
0.000000
0.000000
0.000000
0.000000
0.000000
0.000003
0.000002
0.000001
0.000000
0.000001
0.000001
0.000002
0.000000
0.000000
0.000001
0.000000
0.000002
0.000002
0.000001
0.000001
0.000001
0.000000
0.000001
0.000001
0.000002
0.000002
0.000001
0.000001
0.000002
0.000001
0.000000
0.000000
0.000000
0.000002
0.000001
0.000001
0.000002
0.000002
0.000001
0.000000
0.000000
0.000001
0.000000
0.000001
0.000001
0.000001
0.000000
0.000000
0.000002
0.000003
0.000002
0.000001
0.000001
0.000001
0.000001
0.000000
0.000001
0.000001
0.000000
0.000000
0.000000
0.000001
0.000001
0.000001
0.000002
0.000001
0.000001
0.000002
0.000001
0.000001
0.000001
0.000001
0.000001
0.000927
0.020898
0.012275
0.000066
0.000001
0.000000
0.000003
0.000002
0.000005
0.000000
0.000002
0.000001
0.000001
0.000003
0.000000
0.000001
0.000002
0.000000
0.000002
0.000000
0.000001
0.000001
0.000002
0.000000
0.000001
0.000002
0.000000
0.000001
0.000002
0.000002
0.000001
0.000001
0.000001
0.000001
0.000001
0.000004
0.000000
0.000001
0.000000
0.000000
0.000002
0.000000
0.000000
0.000001
0.000002
0.000004
0.000000
0.000001
0.000000
0.000000
0.000001
0.000000
0.000000
0.000000
0.000001
0.000001
0.000001
0.000002
0.000002
0.000000
0.000002
0.000001
0.000001
0.000001
0.000000
0.000001
0.000001
0.000002
0.000001
0.000001
0.000000
0.000002
0.000001
0.000000
0.000001
0.000000
0.000001
0.000001
0.000001
0.000001
0.000002
0.000002
0.000001
0.000001
0.000002
0.000000
0.000000
0.000002
0.000001
0.000000
0.000000
0.000001
0.000000
0.000003
0.000001
0.000000
0.000002
0.000001
0.000001
0.000001
0.000000
0.000001
0.000000
0.000003
0.000001
0.000002
0.000000
0.000000
0.000000
0.000002
0.000002
0.000001
0.000000
0.000001
0.000016
0.000004
0.000001
0.000001
0.000000
0.000000
0.000001
0.000001
0.000000
0.000000
0.000000
0.000000
0.000001
0.000001
0.000001
0.000001
0.000003
0.000001
0.000000
0.000000
0.000000
0.000003
0.000001
0.000001
0.000000
0.000004
0.000049
0.000017
0.000001
0.000001
0.000001
0.000002
0.000001
0.000002
0.000002
0.000001
0.000000
0.000000
0.000001
0.000000
0.000001
0.000000
0.000001
0.000000
0.000000
0.000001
0.000002
0.000004
0.000003
0.000001
0.000000
0.000001
0.000001
0.000002
0.000001
0.000000
0.000001
0.000000
0.000001
0.000001
0.000003
0.000002
0.000000
0.000001
0.000001
0.000000
0.000001
0.000001
0.000000
0.000001
0.000001
0.000001
0.000006
0.000003
0.000001
0.000000
0.000000
0.000001
0.000000
0.000002
0.000001
0.000001
0.000001
0.000001
0.000000
0.000001
0.000002
0.000002
0.000000
0.000000
0.000001
0.000000
0.000000
0.000001
0.000001
0.000001
0.000000
0.000000
0.000002
0.000000
0.000000
0.000000
0.000001
0.000001
0.000002
0.000000
0.000000
0.000000
0.000000
0.000000
0.000000
0.000001
0.000000
0.000000
0.000000
0.000001
0.000000
0.000001
0.000000
0.000001
0.000000
0.000001
0.000001
0.000001
0.000000
0.000001
0.000000
0.000001
0.000001
0.000000
0.000001
0.000001
0.000001
0.000000
0.000000
0.000000
0.000001
0.000001
0.000000
